[gd_scene load_steps=18 format=3 uid="uid://evgrfe41qw21"]

[ext_resource type="PackedScene" uid="uid://dpqw1tx8o7ed8" path="res://dino vs lizzards/random/Zombie.glb" id="1_i6bcb"]
[ext_resource type="Script" path="res://dino vs lizzards/game models/zombie.gd" id="2_npqc2"]

[sub_resource type="CapsuleShape3D" id="CapsuleShape3D_0n6gc"]
radius = 15.0
height = 60.0

[sub_resource type="SphereShape3D" id="SphereShape3D_6ctq1"]
margin = 0.0
radius = 29.072

[sub_resource type="CapsuleShape3D" id="CapsuleShape3D_ewws6"]
radius = 6.243
height = 27.261

[sub_resource type="CapsuleShape3D" id="CapsuleShape3D_faug3"]
radius = 8.445
height = 43.885

[sub_resource type="CapsuleShape3D" id="CapsuleShape3D_ke5ni"]
radius = 17.921
height = 45.732

[sub_resource type="CapsuleShape3D" id="CapsuleShape3D_byjgb"]
radius = 5.144
height = 26.162

[sub_resource type="CapsuleShape3D" id="CapsuleShape3D_cdmwo"]
radius = 6.401
height = 38.3

[sub_resource type="CapsuleShape3D" id="CapsuleShape3D_yr85y"]
radius = 14.625
height = 53.424

[sub_resource type="CapsuleShape3D" id="CapsuleShape3D_y1lv7"]
radius = 13.143
height = 53.789

[sub_resource type="CapsuleShape3D" id="CapsuleShape3D_5rjaj"]
radius = 13.656
height = 70.626

[sub_resource type="CapsuleShape3D" id="CapsuleShape3D_1fdsd"]
radius = 12.79
height = 65.205

[sub_resource type="CapsuleShape3D" id="CapsuleShape3D_5macp"]
radius = 9.714
height = 48.265

[sub_resource type="CapsuleShape3D" id="CapsuleShape3D_ly8fl"]
radius = 14.502
height = 56.34

[sub_resource type="CapsuleShape3D" id="CapsuleShape3D_dm4ht"]
radius = 12.84
height = 63.066

[sub_resource type="CapsuleShape3D" id="CapsuleShape3D_dvco3"]
radius = 0.4
height = 1.8

[node name="Zombie" instance=ExtResource("1_i6bcb")]
script = ExtResource("2_npqc2")

[node name="Skeleton3D" parent="Armature" index="0"]
bones/0/rotation = Quaternion(-0.62284, -0.125654, 0.106214, 0.764853)
bones/1/rotation = Quaternion(0.0252847, -0.00525223, 0.0158747, 0.99954)
bones/2/rotation = Quaternion(0.0626634, -0.0109741, 0.0122704, 0.997899)
bones/3/position = Vector3(5.58794e-08, 8.65112, -2.53844e-09)
bones/3/rotation = Quaternion(0.0629914, -0.0100341, 0.012539, 0.997885)
bones/4/position = Vector3(4.73112e-07, 21.2425, -0.842538)
bones/4/rotation = Quaternion(-0.0514322, 0.0281269, -0.0222935, 0.998031)
bones/5/position = Vector3(-2.61888e-06, 20.4181, 4.8338)
bones/5/rotation = Quaternion(-0.195972, 0.121985, -0.0351994, 0.972356)
bones/6/position = Vector3(0, 34.6705, 5.03829)
bones/9/rotation = Quaternion(-0.559479, -0.418267, 0.612299, -0.370305)
bones/10/position = Vector3(3.74704e-06, 12.1385, 4.58091e-06)
bones/10/rotation = Quaternion(0.358136, 0.0608786, 0.190748, 0.911947)
bones/11/position = Vector3(-3.72244e-06, 18.4696, -2.89452e-06)
bones/11/rotation = Quaternion(-8.49234e-07, 1.41224e-07, 0.67065, 0.741774)
bones/12/position = Vector3(-7.63223e-06, 29.5088, -3.71125e-06)
bones/12/rotation = Quaternion(-0.231881, 0.181496, 0.0359934, 0.954984)
bones/13/rotation = Quaternion(0.199339, 0.0742166, 0.206866, 0.954967)
bones/14/position = Vector3(9.53672e-07, 6.33226, -9.05991e-06)
bones/14/rotation = Quaternion(0.0467179, 0.0171442, -0.00223031, 0.998759)
bones/15/position = Vector3(1.90733e-06, 5.98995, -3.57628e-06)
bones/15/rotation = Quaternion(0.0230088, -0.102058, -0.340561, 0.934384)
bones/16/position = Vector3(9.5366e-07, 5.74295, -1.28746e-05)
bones/17/position = Vector3(-6.40379, 26.4943, -0.170998)
bones/17/rotation = Quaternion(0.110158, -0.0888419, 0.0790593, 0.986773)
bones/18/position = Vector3(7.65102e-06, 8.79288, -1.22464e-05)
bones/18/rotation = Quaternion(0.177067, -0.00316226, -0.0237844, 0.983906)
bones/19/position = Vector3(7.68421e-06, 10.0751, 2.54671e-06)
bones/20/position = Vector3(0.00152642, 25.7911, 0.0166932)
bones/20/rotation = Quaternion(0.00220545, -0.00833393, 0.0194477, 0.999774)
bones/21/position = Vector3(-7.61523e-06, 9.39401, 8.46378e-07)
bones/21/rotation = Quaternion(0.4518, -0.0103562, -0.0577967, 0.890185)
bones/22/position = Vector3(5.7943e-08, 10.7719, 4.19679e-06)
bones/23/position = Vector3(6.22733, 24.6876, -0.127845)
bones/23/rotation = Quaternion(-0.149612, -0.00676277, -0.10506, 0.983124)
bones/24/position = Vector3(-6.30613e-07, 9.3938, -7.23097e-06)
bones/24/rotation = Quaternion(0.219567, -0.00672742, -0.0290989, 0.97514)
bones/25/position = Vector3(3.94925e-07, 9.92853, -6.34609e-06)
bones/26/position = Vector3(12.817, 23.682, -0.10871)
bones/26/rotation = Quaternion(-0.034196, 0.0369993, -0.216336, 0.975018)
bones/27/position = Vector3(-7.3109e-06, 8.42511, -6.96529e-06)
bones/27/rotation = Quaternion(0.231252, -0.00543255, -0.0314731, 0.97237)
bones/28/position = Vector3(-1.85618e-07, 8.14696, 5.22561e-06)
bones/29/rotation = Quaternion(0.609381, -0.395561, 0.556668, 0.402874)
bones/30/position = Vector3(-3.88355e-06, 12.1386, 6.0094e-06)
bones/30/rotation = Quaternion(0.416941, 0.0135565, -0.210624, 0.884089)
bones/31/position = Vector3(-5.35965e-08, 18.4696, 3.6493e-06)
bones/31/rotation = Quaternion(-2.36539e-06, -1.66222e-06, -0.696304, 0.717747)
bones/32/position = Vector3(-9.36079e-08, 29.5089, 3.83202e-06)
bones/32/rotation = Quaternion(0.026601, -0.215979, -0.0623778, 0.97404)
bones/33/rotation = Quaternion(0.0352548, -0.0579387, -0.430141, 0.900211)
bones/34/position = Vector3(-5.24547e-06, 6.33219, -5.7292e-06)
bones/34/rotation = Quaternion(-0.0325549, 0.0583528, 0.392115, 0.917486)
bones/35/position = Vector3(5.48404e-06, 5.99007, -2.67026e-05)
bones/35/rotation = Quaternion(-0.012451, 0.00910735, -0.221879, 0.974952)
bones/36/position = Vector3(-3.33786e-06, 5.74305, -7.62937e-06)
bones/37/position = Vector3(6.40379, 26.4943, -0.171003)
bones/37/rotation = Quaternion(-0.181431, -0.00910986, 0.0314015, 0.98286)
bones/38/position = Vector3(6.94058e-08, 8.79248, 2.57266e-07)
bones/38/rotation = Quaternion(0.37831, 0.00306906, 0.0502712, 0.924308)
bones/39/position = Vector3(1.44617e-07, 10.076, 6.4191e-07)
bones/40/position = Vector3(-0.00152048, 25.7911, 0.0160011)
bones/40/rotation = Quaternion(-0.126457, 0.00296449, 0.0275787, 0.991584)
bones/41/position = Vector3(7.56296e-06, 9.39372, -7.62639e-06)
bones/41/rotation = Quaternion(0.496333, 0.00974923, 0.0620468, 0.865857)
bones/42/position = Vector3(4.45489e-08, 10.772, 7.29329e-06)
bones/43/position = Vector3(-6.22732, 24.6876, -0.127995)
bones/43/rotation = Quaternion(0.134744, 0.0112043, 0.069227, 0.988396)
bones/44/position = Vector3(5.30203e-08, 9.3942, 6.49522e-06)
bones/44/rotation = Quaternion(0.0574845, 0.00672814, 0.00832227, 0.998289)
bones/45/position = Vector3(-1.39887e-06, 9.92802, -1.54481e-06)
bones/46/position = Vector3(-12.817, 23.682, -0.108997)
bones/46/rotation = Quaternion(0.249842, 0.017577, 0.0861039, 0.964291)
bones/47/position = Vector3(5.86087e-06, 8.4251, 6.66839e-08)
bones/47/rotation = Quaternion(0.465897, 0.00518843, 0.062328, 0.882626)
bones/48/position = Vector3(5.88835e-06, 8.1467, -3.7434e-06)
bones/49/rotation = Quaternion(0.12198, 0.454527, 0.860537, -0.19494)
bones/50/position = Vector3(3.24227e-06, 32.5338, 2.08922e-06)
bones/50/rotation = Quaternion(-0.481053, -0.0637585, 0.0395024, 0.873477)
bones/51/rotation = Quaternion(0.505521, -0.136042, -0.0611222, 0.849827)
bones/52/rotation = Quaternion(0.303501, -0.0527421, -0.0121545, 0.951293)
bones/53/position = Vector3(-1.91359e-06, 23.5123, -1.02955e-07)
bones/54/rotation = Quaternion(-0.118137, 0.399701, 0.900129, 0.126689)
bones/55/position = Vector3(-3.4336e-06, 32.5338, -2.95068e-06)
bones/55/rotation = Quaternion(-0.474408, 0.074199, -0.0401538, 0.876253)
bones/56/position = Vector3(3.77179e-06, 48.648, 1.75544e-06)
bones/56/rotation = Quaternion(0.538859, 0.13517, 0.0539909, 0.829726)
bones/57/rotation = Quaternion(0.309692, 0.0508311, 0.0112279, 0.949411)

[node name="Physical Bone mixamorig_Spine2" type="PhysicalBone3D" parent="Armature/Skeleton3D" index="2"]
transform = Transform3D(0.921198, -0.349394, 0.170852, 0.388924, 0.827393, -0.404733, -0.000534007, 0.439325, 0.898085, -2.96973, 10.9811, -130.303)
collision_layer = 2147483394
collision_mask = 2147483394
joint_type = 1
joint_offset = Transform3D(1, 0, 0, 0, 1, 0, 0, 0, 1, 0.0012908, -0.00265524, 10.6224)
body_offset = Transform3D(0.999933, -2.5928e-05, 2.91467e-05, 0.000519633, 0.039632, -0.998993, -0.000297904, 0.999046, 0.0396128, -0.00160038, 10.6118, -0.418129)
bone_name = "mixamorig_Spine2"
joint_constraints/bias = 0.3
joint_constraints/damping = 1.0
joint_constraints/impulse_clamp = 0.0

[node name="CollisionShape3D" type="CollisionShape3D" parent="Armature/Skeleton3D/Physical Bone mixamorig_Spine2" index="0"]
transform = Transform3D(0.999261, -0.0312359, 0.0223899, -0.0254218, -0.10031, 0.994632, -0.0288224, -0.994466, -0.10103, 3.81359, 1.73768, 12.3746)
visible = false
shape = SubResource("CapsuleShape3D_0n6gc")

[node name="Physical Bone mixamorig_Head" type="PhysicalBone3D" parent="Armature/Skeleton3D" index="3"]
transform = Transform3D(-0.996334, 0.0803067, -0.0260998, -0.0756191, -0.985883, -0.147314, -0.0377396, -0.144864, 0.985176, -8.0363, 29.5715, -174.184)
collision_layer = 2147483394
collision_mask = 2147483394
joint_type = 1
joint_offset = Transform3D(1, 0, 0, 0, 1, 0, 0, 0, 1, -8.05322e-06, -0.00193119, 17.5639)
body_offset = Transform3D(-0.999912, -3.98606e-06, 2.88617e-05, 7.68236e-06, 0.143683, -0.986065, -9.83477e-07, -0.989321, -0.143636, -0.000514984, 17.3194, 2.5209)
bone_name = "mixamorig_Head"
joint_constraints/bias = 0.3
joint_constraints/damping = 1.0
joint_constraints/impulse_clamp = 0.0

[node name="CollisionShape3D" type="CollisionShape3D" parent="Armature/Skeleton3D/Physical Bone mixamorig_Head" index="0"]
transform = Transform3D(0.999999, -1.11759e-08, 3.72529e-09, 0, 2.98023e-08, 1, 6.51926e-09, -1, 5.96046e-08, 0.126871, -1.35113, 3.39352)
visible = false
shape = SubResource("SphereShape3D_6ctq1")

[node name="Physical Bone mixamorig_LeftArm" type="PhysicalBone3D" parent="Armature/Skeleton3D" index="4"]
transform = Transform3D(0.594185, -0.673324, -0.439699, -0.740382, -0.67135, 0.0271159, -0.313572, 0.309327, -0.897666, 18.2123, 15.8233, -125.808)
collision_layer = 2147483394
collision_mask = 2147483394
joint_type = 1
joint_offset = Transform3D(1, 0, 0, 0, 1, 0, 0, 0, 1, -0.00380594, -0.0101201, 9.24584)
body_offset = Transform3D(0.999774, -1.98185e-05, 0.000146231, 2.35066e-06, -7.18608e-06, -0.999937, 2.98023e-08, 0.99988, 0.000176832, 0.00245285, 9.24525, 0.00848389)
bone_name = "mixamorig_LeftArm"
joint_constraints/bias = 0.3
joint_constraints/damping = 1.0
joint_constraints/impulse_clamp = 0.0

[node name="CollisionShape3D" type="CollisionShape3D" parent="Armature/Skeleton3D/Physical Bone mixamorig_LeftArm" index="0"]
transform = Transform3D(1, 0, 0, 1.49012e-08, 1.86265e-08, 1, 2.98023e-08, -1, -7.45058e-09, 0, 0, 0)
visible = false
shape = SubResource("CapsuleShape3D_ewws6")

[node name="Physical Bone mixamorig_LeftForeArm" type="PhysicalBone3D" parent="Armature/Skeleton3D" index="5"]
transform = Transform3D(0.49714, -0.673332, 0.547068, -0.101551, -0.671333, -0.733983, 0.861589, 0.3093, -0.4022, 14.1975, 26.4014, -111.588)
collision_layer = 2147483394
collision_mask = 2147483394
joint_type = 1
joint_offset = Transform3D(1, 0, 0, 0, 1, 0, 0, 0, 1, -0.00457489, -0.00863865, 14.7539)
body_offset = Transform3D(0.999898, -3.95849e-05, -7.48038e-06, 1.73524e-05, 2.40207e-05, -0.99989, -3.7238e-05, 0.999865, 1.19507e-05, 0.00468445, 14.7523, 0.008461)
bone_name = "mixamorig_LeftForeArm"
joint_constraints/bias = 0.3
joint_constraints/damping = 1.0
joint_constraints/impulse_clamp = 0.0

[node name="CollisionShape3D" type="CollisionShape3D" parent="Armature/Skeleton3D/Physical Bone mixamorig_LeftForeArm" index="0"]
transform = Transform3D(1, 0, 0, 0, 0, 1, 0, -1, 0, 0, 0, 0)
visible = false
shape = SubResource("CapsuleShape3D_faug3")

[node name="Physical Bone mixamorig_LeftHand" type="PhysicalBone3D" parent="Armature/Skeleton3D" index="6"]
transform = Transform3D(0.442157, 0.458393, 0.770773, 0.211136, 0.781897, -0.586235, -0.871619, 0.422058, 0.24897, 0.595287, 41.4525, -107.444)
visible = false
collision_layer = 2147483394
collision_mask = 2147483394
joint_type = 1
joint_offset = Transform3D(1, 0, 0, 0, 1, 0, 0, 0, 1, 0.000768661, -0.00522466, 7.17956)
body_offset = Transform3D(-0.250418, 0.72494, 0.641473, -2.67774e-05, 0.662531, -0.748815, -0.968035, -0.187442, -0.165942, -4.60151, 5.37962, 1.19115)
bone_name = "mixamorig_LeftHand"
joint_constraints/bias = 0.3
joint_constraints/damping = 1.0
joint_constraints/impulse_clamp = 0.0

[node name="CollisionShape3D" type="CollisionShape3D" parent="Armature/Skeleton3D/Physical Bone mixamorig_LeftHand" index="0"]
transform = Transform3D(0.872159, -0.474195, -0.120325, 0.436044, 0.641957, 0.630679, -0.221821, -0.60252, 0.766659, -4.37822, 16.1412, -7.37473)
visible = false
shape = SubResource("CapsuleShape3D_ke5ni")

[node name="Physical Bone mixamorig_RightArm" type="PhysicalBone3D" parent="Armature/Skeleton3D" index="7"]
transform = Transform3D(-0.0614159, 0.981784, 0.177927, 0.982358, 0.0280665, 0.184057, 0.175816, 0.186101, -0.966204, -20.9535, 2.09292, -124.464)
visible = false
collision_layer = 2147483394
collision_mask = 2147483394
joint_type = 1
joint_offset = Transform3D(1, 0, 0, 0, 1, 0, 0, 0, 1, -0.0340101, -0.00595118, 9.24104)
body_offset = Transform3D(0.999855, -1.88518e-05, 1.39177e-05, 5.87106e-06, -1.79405e-05, -0.999543, 1.21649e-05, 0.999661, 2.17324e-05, 0.0338764, 9.23681, 0.00574875)
bone_name = "mixamorig_RightArm"
joint_constraints/bias = 0.3
joint_constraints/damping = 1.0
joint_constraints/impulse_clamp = 0.0

[node name="CollisionShape3D" type="CollisionShape3D" parent="Armature/Skeleton3D/Physical Bone mixamorig_RightArm" index="0"]
transform = Transform3D(1, 0, 0, 0, 0, 1, 0, -1, 0, 0, 0, 0)
visible = false
shape = SubResource("CapsuleShape3D_byjgb")

[node name="Physical Bone mixamorig_RightForeArm" type="PhysicalBone3D" parent="Armature/Skeleton3D" index="8"]
transform = Transform3D(0.176047, 0.982056, 0.0667874, 0.213813, 0.0280859, -0.976308, -0.960763, 0.186176, -0.20504, -23.5824, 14.7691, -112.505)
visible = false
collision_layer = 2147483394
collision_mask = 2147483394
joint_type = 1
joint_offset = Transform3D(1, 0, 0, 0, 1, 0, 0, 0, 1, 0.0141339, -0.00655703, 14.7623)
body_offset = Transform3D(0.999887, 3.42913e-06, 8.09133e-06, 3.33786e-06, -4.3381e-06, -0.99984, 1.84327e-05, 0.999942, -8.85874e-06, -0.0142517, 14.7599, 0.00668716)
bone_name = "mixamorig_RightForeArm"
joint_constraints/bias = 0.3
joint_constraints/damping = 1.0
joint_constraints/impulse_clamp = 0.0

[node name="CollisionShape3D" type="CollisionShape3D" parent="Armature/Skeleton3D/Physical Bone mixamorig_RightForeArm" index="0"]
transform = Transform3D(1, 0, 0, 0, 0, 1, 0, -1, 0, 0, 0, 0)
visible = false
shape = SubResource("CapsuleShape3D_cdmwo")

[node name="Physical Bone mixamorig_RightHand" type="PhysicalBone3D" parent="Armature/Skeleton3D" index="9"]
transform = Transform3D(0.645522, -0.551058, -0.528264, -0.105218, 0.620945, -0.775567, 0.756322, 0.556858, 0.343013, -20.7737, 34.7499, -111.955)
visible = false
collision_layer = 2147483394
collision_mask = 2147483394
joint_type = 1
joint_offset = Transform3D(1, 0, 0, 0, 1, 0, 0, 0, 1, -0.00496864, -0.00365317, 7.18735)
body_offset = Transform3D(-0.250386, -0.72492, -0.641281, 4.95464e-06, 0.662347, -0.747985, 0.968039, -0.187394, -0.165838, 4.60522, 5.37845, 1.19606)
bone_name = "mixamorig_RightHand"
joint_constraints/bias = 0.3
joint_constraints/damping = 1.0
joint_constraints/impulse_clamp = 0.0

[node name="CollisionShape3D" type="CollisionShape3D" parent="Armature/Skeleton3D/Physical Bone mixamorig_RightHand" index="0"]
transform = Transform3D(0.993259, 0.109785, -0.0371973, -0.0660429, 0.799704, 0.596751, 0.0952613, -0.590272, 0.801564, 0.065979, 16.245, -11.4656)
visible = false
shape = SubResource("CapsuleShape3D_yr85y")

[node name="Physical Bone mixamorig_LeftUpLeg" type="PhysicalBone3D" parent="Armature/Skeleton3D" index="10"]
transform = Transform3D(-0.970037, -0.154747, -0.186782, 0.027949, 0.693528, -0.719426, 0.240895, -0.70343, -0.668419, 14.4987, 12.4896, -74.1659)
visible = false
collision_layer = 2147483394
collision_mask = 2147483394
joint_type = 1
joint_offset = Transform3D(1, 0, 0, 0, 1, 0, 0, 0, 1, -0.00182908, 0.00254507, 16.2794)
body_offset = Transform3D(0.999892, 1.55959e-05, -1.09151e-05, -6.96816e-05, 4.55379e-05, -0.999623, 2.53618e-05, 0.999872, 0.000193536, 0.00200653, 16.2732, -0.00569534)
bone_name = "mixamorig_LeftUpLeg"
joint_constraints/bias = 0.3
joint_constraints/damping = 1.0
joint_constraints/impulse_clamp = 0.0

[node name="CollisionShape3D" type="CollisionShape3D" parent="Armature/Skeleton3D/Physical Bone mixamorig_LeftUpLeg" index="0"]
transform = Transform3D(1, -3.72529e-09, -4.65661e-09, -6.14673e-08, 0, 1, 1.30385e-08, -1, 5.96046e-08, -0.0447121, 0.0371933, 0.154665)
shape = SubResource("CapsuleShape3D_y1lv7")

[node name="Physical Bone mixamorig_LeftLeg" type="PhysicalBone3D" parent="Armature/Skeleton3D" index="11"]
transform = Transform3D(-0.946172, 0.219113, -0.238023, 0.172375, 0.963899, 0.202123, 0.273744, 0.150203, -0.949869, 23.3267, 19.2577, -40.1767)
visible = false
collision_layer = 2147483394
collision_mask = 2147483394
joint_type = 1
joint_offset = Transform3D(1, 0, 0, 0, 1, 0, 0, 0, 1, -0.00159535, 0.0207516, 24.3462)
body_offset = Transform3D(0.999946, -3.15905e-05, -2.99886e-06, -3.31365e-05, -3.06964e-06, -0.999881, -1.67489e-05, 0.999837, -3.60608e-06, 0.00166893, 24.3433, -0.0206604)
bone_name = "mixamorig_LeftLeg"
joint_constraints/bias = 0.3
joint_constraints/damping = 1.0
joint_constraints/impulse_clamp = 0.0

[node name="CollisionShape3D" type="CollisionShape3D" parent="Armature/Skeleton3D/Physical Bone mixamorig_LeftLeg" index="0"]
transform = Transform3D(1, 1.95578e-08, 7.45058e-09, -3.72529e-09, 1.49012e-08, 1, -7.45058e-09, -1, -1.49012e-08, 0, 0, 0)
visible = false
shape = SubResource("CapsuleShape3D_5rjaj")

[node name="Physical Bone mixamorig_LeftFoot" type="PhysicalBone3D" parent="Armature/Skeleton3D" index="12"]
transform = Transform3D(-0.917426, 0.175676, -0.338297, 0.372157, 0.555334, -0.741039, 0.0584257, -0.812524, -0.579682, 34.0216, 25.0422, -8.67896)
visible = false
collision_layer = 2147483394
collision_mask = 2147483394
joint_type = 1
joint_offset = Transform3D(1, 0, 0, 0, 1, 0, 0, 0, 1, 0.0232968, 0.038141, 14.4499)
body_offset = Transform3D(0.991757, -1.16676e-05, 1.48714e-05, -0.000696987, 4.6432e-05, -0.999808, -0.00195909, 0.999728, 9.65595e-05, -0.0233192, 14.4471, -0.0394802)
bone_name = "mixamorig_LeftFoot"
joint_constraints/bias = 0.3
joint_constraints/damping = 1.0
joint_constraints/impulse_clamp = 0.0

[node name="CollisionShape3D" type="CollisionShape3D" parent="Armature/Skeleton3D/Physical Bone mixamorig_LeftFoot" index="0"]
transform = Transform3D(0.969015, 0.15056, -0.195803, 0.0452892, 0.670989, 0.740081, 0.242808, -0.726019, 0.643382, -0.797358, -2.29943, 2.26907)
visible = false
shape = SubResource("CapsuleShape3D_1fdsd")

[node name="Physical Bone mixamorig_RightUpLeg" type="PhysicalBone3D" parent="Armature/Skeleton3D" index="13"]
transform = Transform3D(-0.787985, -0.321579, 0.52494, -0.563492, 0.719695, -0.405024, -0.247513, -0.614703, -0.748409, -18.7905, 0.282182, -74.1508)
visible = false
collision_layer = 2147483394
collision_mask = 2147483394
joint_type = 1
joint_offset = Transform3D(1, 0, 0, 0, 1, 0, 0, 0, 1, 0.00248674, -0.127393, 16.4905)
body_offset = Transform3D(0.999854, -2.38717e-05, -1.37836e-05, 0.000162929, 0.000225037, -0.999862, 2.78354e-05, 0.999618, -2.88188e-05, -0.00226212, 16.4882, 0.127819)
bone_name = "mixamorig_RightUpLeg"
joint_constraints/bias = 0.3
joint_constraints/damping = 1.0
joint_constraints/impulse_clamp = 0.0

[node name="CollisionShape3D" type="CollisionShape3D" parent="Armature/Skeleton3D/Physical Bone mixamorig_RightUpLeg" index="0"]
transform = Transform3D(1, 0, 0, 0, 0, 1, 0, -1, 0, 0, 0, 0)
visible = false
shape = SubResource("CapsuleShape3D_5macp")

[node name="Physical Bone mixamorig_RightLeg" type="PhysicalBone3D" parent="Armature/Skeleton3D" index="14"]
transform = Transform3D(-0.673002, -0.736348, 0.0176695, -0.67874, 0.612102, 0.381224, -0.292798, 0.239229, -0.924224, -27.6025, -2.58488, -39.5697)
visible = false
collision_layer = 2147483394
collision_mask = 2147483394
joint_type = 1
joint_offset = Transform3D(1, 0, 0, 0, 1, 0, 0, 0, 1, 0.00466038, -0.000861748, 24.3348)
body_offset = Transform3D(0.999676, 0.0101953, 6.41942e-05, 9.63211e-05, 0.000699237, -0.999918, -0.000133723, 0.986917, -6.71148e-05, -0.00621223, 24.3328, 0.00248432)
bone_name = "mixamorig_RightLeg"
joint_constraints/bias = 0.3
joint_constraints/damping = 1.0
joint_constraints/impulse_clamp = 0.0

[node name="CollisionShape3D" type="CollisionShape3D" parent="Armature/Skeleton3D/Physical Bone mixamorig_RightLeg" index="0"]
transform = Transform3D(1, 0, 0, 0, 0, 1, 0, -1, 0, 0, 0, 0)
visible = false
shape = SubResource("CapsuleShape3D_ly8fl")

[node name="Physical Bone mixamorig_RightFoot" type="PhysicalBone3D" parent="Armature/Skeleton3D" index="15"]
transform = Transform3D(-0.525586, -0.457523, 0.716726, -0.842396, 0.383767, -0.374491, -0.103058, -0.801996, -0.588039, -38.4254, -6.42917, -8.56071)
visible = false
collision_layer = 2147483394
collision_mask = 2147483394
joint_type = 1
joint_offset = Transform3D(1, 0, 0, 0, 1, 0, 0, 0, 1, 0.00509143, 0.0081691, 14.5069)
body_offset = Transform3D(0.998245, 1.95801e-05, -2.00868e-05, 0.000609159, 3.15905e-06, -0.999866, -0.000184089, 0.999902, -2.78801e-05, -0.00479126, 14.505, -0.00776291)
bone_name = "mixamorig_RightFoot"
joint_constraints/bias = 0.3
joint_constraints/damping = 1.0
joint_constraints/impulse_clamp = 0.0

[node name="CollisionShape3D" type="CollisionShape3D" parent="Armature/Skeleton3D/Physical Bone mixamorig_RightFoot" index="0"]
transform = Transform3D(0.977853, 0.00801983, -0.209139, 0.169265, 0.557417, 0.812795, 0.123096, -0.830194, 0.543714, -0.031723, 2.55421, -3.64571)
visible = false
shape = SubResource("CapsuleShape3D_dm4ht")

[node name="CollisionShape3D" type="CollisionShape3D" parent="." index="2"]
transform = Transform3D(1, 0, 0, 0, 0.99999, 0.00446805, 0, -0.00446805, 0.99999, 0, 0.89013, 0.153667)
shape = SubResource("CapsuleShape3D_dvco3")

[node name="NavigationAgent3D" type="NavigationAgent3D" parent="." index="3"]
