[gd_scene load_steps=18 format=3 uid="uid://evgrfe41qw21"]

[ext_resource type="PackedScene" uid="uid://dpqw1tx8o7ed8" path="res://dino vs lizzards/random/Zombie.glb" id="1_i6bcb"]
[ext_resource type="Script" path="res://dino vs lizzards/game models/zombie.gd" id="2_npqc2"]

[sub_resource type="CapsuleShape3D" id="CapsuleShape3D_0n6gc"]
radius = 15.0
height = 60.0

[sub_resource type="SphereShape3D" id="SphereShape3D_6ctq1"]
margin = 0.0
radius = 29.072

[sub_resource type="CapsuleShape3D" id="CapsuleShape3D_ewws6"]
radius = 6.243
height = 27.261

[sub_resource type="CapsuleShape3D" id="CapsuleShape3D_faug3"]
radius = 8.445
height = 43.885

[sub_resource type="CapsuleShape3D" id="CapsuleShape3D_ke5ni"]
radius = 17.921
height = 45.732

[sub_resource type="CapsuleShape3D" id="CapsuleShape3D_byjgb"]
radius = 5.144
height = 26.162

[sub_resource type="CapsuleShape3D" id="CapsuleShape3D_cdmwo"]
radius = 6.401
height = 38.3

[sub_resource type="CapsuleShape3D" id="CapsuleShape3D_yr85y"]
radius = 14.625
height = 53.424

[sub_resource type="CapsuleShape3D" id="CapsuleShape3D_y1lv7"]
radius = 13.143
height = 53.789

[sub_resource type="CapsuleShape3D" id="CapsuleShape3D_5rjaj"]
radius = 13.656
height = 70.626

[sub_resource type="CapsuleShape3D" id="CapsuleShape3D_1fdsd"]
radius = 12.79
height = 65.205

[sub_resource type="CapsuleShape3D" id="CapsuleShape3D_5macp"]
radius = 9.714
height = 48.265

[sub_resource type="CapsuleShape3D" id="CapsuleShape3D_ly8fl"]
radius = 14.502
height = 56.34

[sub_resource type="CapsuleShape3D" id="CapsuleShape3D_dm4ht"]
radius = 12.84
height = 63.066

[sub_resource type="CapsuleShape3D" id="CapsuleShape3D_dvco3"]
radius = 0.4
height = 1.8

[node name="Zombie" instance=ExtResource("1_i6bcb")]
script = ExtResource("2_npqc2")

[node name="Skeleton3D" parent="Armature" index="0"]
bones/0/position = Vector3(0.453124, -0.0461988, -82.1361)
bones/0/rotation = Quaternion(-0.500867, -0.043854, 0.0784503, 0.860845)
bones/1/position = Vector3(-0.00242701, 12.7775, 0.315251)
bones/1/rotation = Quaternion(0.174476, -0.0435575, -0.00285339, 0.983693)
bones/2/position = Vector3(3.81741e-06, 8.79265, -2.98023e-08)
bones/2/rotation = Quaternion(0.0927018, -0.0376536, -0.0077631, 0.994951)
bones/3/position = Vector3(-3.72529e-09, 8.65111, -1.87753e-06)
bones/3/rotation = Quaternion(0.0926286, -0.0397917, -0.00389656, 0.994898)
bones/4/position = Vector3(-3.81842e-06, 21.2425, -0.842536)
bones/4/rotation = Quaternion(-0.0833211, 0.0509809, -0.0884825, 0.991277)
bones/5/position = Vector3(-5.71832e-06, 20.4181, 4.8338)
bones/5/rotation = Quaternion(-0.410857, 0.113998, 0.0378642, 0.903752)
bones/6/position = Vector3(1.90735e-06, 34.6706, 5.03829)
bones/9/rotation = Quaternion(-0.622414, -0.382508, 0.570028, -0.375975)
bones/10/position = Vector3(-3.7442e-11, 12.1385, 5.65305e-06)
bones/10/rotation = Quaternion(0.37234, -0.35241, 0.209712, 0.832581)
bones/11/position = Vector3(1.5351e-05, 18.4696, 8.54955e-06)
bones/11/rotation = Quaternion(-2.54577e-07, 3.53143e-07, 0.79281, 0.609469)
bones/12/position = Vector3(-2.83592e-09, 29.5088, 1.03447e-07)
bones/12/rotation = Quaternion(-0.113284, 0.0829369, 0.113624, 0.983554)
bones/13/rotation = Quaternion(0.174574, 0.0987438, 0.447645, 0.871428)
bones/14/position = Vector3(1.23978e-05, 6.33226, -8.10625e-06)
bones/14/rotation = Quaternion(0.00523581, -0.0653984, -0.271911, 0.960083)
bones/15/position = Vector3(1.71662e-05, 5.98997, -1.14441e-05)
bones/15/rotation = Quaternion(-0.0209186, -0.0320936, -0.11543, 0.992577)
bones/16/position = Vector3(1.62125e-05, 5.74294, -4.29155e-06)
bones/17/position = Vector3(-6.40378, 26.4943, -0.170998)
bones/17/rotation = Quaternion(-0.21945, -2.15461e-06, 0.0264715, 0.975265)
bones/18/position = Vector3(-1.52372e-05, 8.79288, -1.22464e-05)
bones/18/rotation = Quaternion(0.275341, -6.7288e-08, -0.0332014, 0.960773)
bones/19/position = Vector3(-1.5204e-05, 10.0751, -5.08268e-06)
bones/20/position = Vector3(0.00151879, 25.7911, 0.0166856)
bones/20/rotation = Quaternion(-0.219586, -2.24797e-06, 0.0264883, 0.975233)
bones/21/rotation = Quaternion(0.275475, -8.28877e-08, -0.0332172, 0.960734)
bones/22/position = Vector3(-1.52008e-05, 10.7719, 4.19677e-06)
bones/23/position = Vector3(6.22731, 24.6876, -0.127845)
bones/23/rotation = Quaternion(-0.21945, -2.29105e-06, 0.0264717, 0.975265)
bones/24/position = Vector3(-6.30602e-07, 9.39379, 3.98345e-07)
bones/24/rotation = Quaternion(0.275341, -2.85218e-08, -0.0332017, 0.960773)
bones/25/position = Vector3(3.94924e-07, 9.92852, -6.34607e-06)
bones/26/position = Vector3(12.817, 23.682, -0.108695)
bones/26/rotation = Quaternion(-0.223648, -0.00788283, -0.00804365, 0.974605)
bones/27/position = Vector3(-1.49403e-05, 8.42511, 6.64101e-07)
bones/27/rotation = Quaternion(0.27944, 0.00988749, 0.000805162, 0.960112)
bones/28/position = Vector3(-1.85619e-07, 8.14696, 1.2855e-05)
bones/29/rotation = Quaternion(0.631337, -0.402751, 0.486695, 0.449816)
bones/30/position = Vector3(-1.82688e-08, 12.1386, 2.84963e-05)
bones/30/rotation = Quaternion(0.368277, 0.147004, -0.303759, 0.86631)
bones/31/position = Vector3(-7.68299e-06, 18.4696, -6.36428e-06)
bones/31/rotation = Quaternion(-1.62967e-06, -1.65703e-06, -0.737094, 0.67579)
bones/32/position = Vector3(-9.36084e-08, 29.5089, 7.16988e-06)
bones/32/rotation = Quaternion(-0.0286062, -0.223432, -0.13926, 0.964296)
bones/33/rotation = Quaternion(0.164269, -0.0627395, -0.222605, 0.958919)
bones/34/position = Vector3(-1.43077e-06, 6.33219, -5.72921e-06)
bones/34/rotation = Quaternion(0.0079723, 0.0780343, 0.317912, 0.94487)
bones/35/position = Vector3(-2.14543e-06, 5.99007, -1.14438e-05)
bones/35/rotation = Quaternion(-0.0223798, 0.0391113, 0.119309, 0.991834)
bones/36/position = Vector3(-1.09673e-05, 5.74304, -7.62942e-06)
bones/37/position = Vector3(6.40379, 26.4943, -0.170998)
bones/37/rotation = Quaternion(-0.163532, 1.32341e-06, -0.0199229, 0.986337)
bones/38/position = Vector3(6.94064e-08, 8.79249, 2.57266e-07)
bones/38/rotation = Quaternion(0.306751, -4.00469e-08, 0.0373556, 0.951057)
bones/39/position = Vector3(1.44617e-07, 10.076, -1.26544e-06)
bones/40/position = Vector3(-0.00150522, 25.7911, 0.016003)
bones/40/rotation = Quaternion(-0.163532, 1.33319e-06, -0.0199232, 0.986337)
bones/41/position = Vector3(-6.64459e-08, 9.39371, 3.00685e-09)
bones/41/rotation = Quaternion(0.306751, 2.79397e-09, 0.0373556, 0.951056)
bones/42/position = Vector3(4.45489e-08, 10.772, -3.36106e-07)
bones/43/position = Vector3(-6.22732, 24.6876, -0.127997)
bones/43/rotation = Quaternion(-0.163532, 1.42865e-06, -0.0199234, 0.986337)
bones/44/position = Vector3(7.68242e-06, 9.39421, -1.13418e-06)
bones/44/rotation = Quaternion(0.306751, 4.28408e-08, 0.037356, 0.951056)
bones/45/position = Vector3(6.23053e-06, 9.92802, -1.54481e-06)
bones/46/position = Vector3(-12.817, 23.682, -0.108995)
bones/46/rotation = Quaternion(-0.163532, 1.32993e-06, -0.0199232, 0.986337)
bones/47/position = Vector3(-1.76852e-06, 8.4251, 6.66839e-08)
bones/47/rotation = Quaternion(0.306751, -5.58793e-08, 0.0373557, 0.951057)
bones/48/position = Vector3(5.88835e-06, 8.14671, 7.12971e-08)
bones/49/position = Vector3(11.3941, -6.18782, -0.413818)
bones/49/rotation = Quaternion(0.0320664, 0.728511, 0.670725, -0.135541)
bones/50/position = Vector3(1.33492e-06, 32.5338, 2.11524e-06)
bones/50/rotation = Quaternion(-0.614513, -0.00429211, 0.0887863, 0.783883)
bones/51/position = Vector3(1.54889e-06, 48.648, -1.20264e-06)
bones/51/rotation = Quaternion(0.434199, -0.125518, -0.0934021, 0.887126)
bones/52/rotation = Quaternion(0.404179, -0.0739598, -0.0128359, 0.911595)
bones/53/position = Vector3(-6.24289e-09, 23.5123, -9.3742e-07)
bones/54/position = Vector3(-11.3941, -6.18778, -0.413817)
bones/54/rotation = Quaternion(-0.186658, 0.686525, 0.683327, 0.16403)
bones/55/position = Vector3(8.01049e-06, 32.5338, 2.62192e-06)
bones/55/rotation = Quaternion(-0.577992, -0.0777674, -0.044358, 0.811116)
bones/56/position = Vector3(-1.73822e-06, 48.648, 2.84858e-06)
bones/56/rotation = Quaternion(0.503728, 0.1436, 0.0749917, 0.848536)
bones/57/rotation = Quaternion(0.296675, 0.0513079, 0.0121061, 0.953522)

[node name="Physical Bone mixamorig_Spine2" type="PhysicalBone3D" parent="Armature/Skeleton3D" index="2"]
transform = Transform3D(0.935401, -0.28865, 0.203689, 0.290462, 0.298381, -0.909001, 0.201226, 0.909507, 0.362839, -5.73289, 30.0371, -106.895)
collision_layer = 2147483394
collision_mask = 2147483394
joint_type = 1
joint_offset = Transform3D(1, 0, 0, 0, 1, 0, 0, 0, 1, 0.00204594, -0.00236133, 10.6195)
body_offset = Transform3D(0.999918, -3.88846e-05, 3.86834e-05, 0.000514984, 0.0396325, -0.998927, -0.000300445, 0.998991, 0.039611, -0.00245667, 10.6082, -0.418289)
bone_name = "mixamorig_Spine2"
joint_constraints/bias = 0.3
joint_constraints/damping = 1.0
joint_constraints/impulse_clamp = 0.0

[node name="CollisionShape3D" type="CollisionShape3D" parent="Armature/Skeleton3D/Physical Bone mixamorig_Spine2" index="0"]
transform = Transform3D(0.999261, -0.0312359, 0.0223899, -0.0254218, -0.10031, 0.994632, -0.0288224, -0.994466, -0.10103, 3.81359, 1.73768, 12.3746)
visible = false
shape = SubResource("CapsuleShape3D_0n6gc")

[node name="Physical Bone mixamorig_Head" type="PhysicalBone3D" parent="Armature/Skeleton3D" index="3"]
transform = Transform3D(-0.998936, -0.0428325, 0.00815192, 0.0361825, -0.918447, -0.392146, 0.0243386, -0.392343, 0.915987, -9.08323, 66.9935, -131.669)
collision_layer = 2147483394
collision_mask = 2147483394
joint_type = 1
joint_offset = Transform3D(1, 0, 0, 0, 1, 0, 0, 0, 1, 3.04596e-05, -0.000846148, 17.5605)
body_offset = Transform3D(-0.999887, -4.50388e-06, 2.98657e-05, 8.26549e-06, 0.143655, -0.986028, -1.49012e-07, -0.989281, -0.143622, -0.000494003, 17.3153, 2.52124)
bone_name = "mixamorig_Head"
joint_constraints/bias = 0.3
joint_constraints/damping = 1.0
joint_constraints/impulse_clamp = 0.0

[node name="CollisionShape3D" type="CollisionShape3D" parent="Armature/Skeleton3D/Physical Bone mixamorig_Head" index="0"]
transform = Transform3D(0.999999, -1.11759e-08, 3.72529e-09, 0, 2.98023e-08, 1, 6.51926e-09, -1, 5.96046e-08, 0.126871, -1.35113, 3.39352)
visible = false
shape = SubResource("SphereShape3D_6ctq1")

[node name="Physical Bone mixamorig_LeftArm" type="PhysicalBone3D" parent="Armature/Skeleton3D" index="4"]
transform = Transform3D(0.160197, -0.938194, -0.306308, -0.865895, -0.282363, 0.412084, -0.47322, 0.199105, -0.85799, 13.6669, 32.4856, -97.8233)
collision_layer = 2147483394
collision_mask = 2147483394
joint_type = 1
joint_offset = Transform3D(1, 0, 0, 0, 1, 0, 0, 0, 1, -0.00427747, -0.0120255, 9.24843)
body_offset = Transform3D(0.999687, -1.90139e-05, 0.000135869, 8.52346e-06, -1.25617e-05, -0.999893, -1.13249e-06, 0.99979, 0.000176847, 0.00301933, 9.24744, 0.0103874)
bone_name = "mixamorig_LeftArm"
joint_constraints/bias = 0.3
joint_constraints/damping = 1.0
joint_constraints/impulse_clamp = 0.0

[node name="CollisionShape3D" type="CollisionShape3D" parent="Armature/Skeleton3D/Physical Bone mixamorig_LeftArm" index="0"]
transform = Transform3D(1, 0, 0, 1.49012e-08, 1.86265e-08, 1, 2.98023e-08, -1, -7.45058e-09, 0, 0, 0)
visible = false
shape = SubResource("CapsuleShape3D_ewws6")

[node name="Physical Bone mixamorig_LeftForeArm" type="PhysicalBone3D" parent="Armature/Skeleton3D" index="5"]
transform = Transform3D(0.25471, -0.938234, 0.233534, -0.175695, -0.282355, -0.942922, 0.950785, 0.199071, -0.236834, 13.045, 42.5945, -86.4075)
collision_layer = 2147483394
collision_mask = 2147483394
joint_type = 1
joint_offset = Transform3D(1, 0, 0, 0, 1, 0, 0, 0, 1, -0.0072709, -0.0124431, 14.7525)
body_offset = Transform3D(0.999869, -5.14202e-05, -6.82473e-06, 2.15769e-05, 3.00407e-05, -0.999865, -4.34704e-05, 0.999818, 1.27256e-05, 0.00737, 14.7505, 0.0122528)
bone_name = "mixamorig_LeftForeArm"
joint_constraints/bias = 0.3
joint_constraints/damping = 1.0
joint_constraints/impulse_clamp = 0.0

[node name="CollisionShape3D" type="CollisionShape3D" parent="Armature/Skeleton3D/Physical Bone mixamorig_LeftForeArm" index="0"]
transform = Transform3D(1, 0, 0, 0, 0, 1, 0, -1, 0, 0, 0, 0)
visible = false
shape = SubResource("CapsuleShape3D_faug3")

[node name="Physical Bone mixamorig_LeftHand" type="PhysicalBone3D" parent="Armature/Skeleton3D" index="6"]
transform = Transform3D(0.799665, 0.383279, 0.461845, 0.0459043, 0.727896, -0.683826, -0.59848, 0.568152, 0.564579, 6.29299, 61.4297, -86.9696)
visible = false
collision_layer = 2147483394
collision_mask = 2147483394
joint_type = 1
joint_offset = Transform3D(1, 0, 0, 0, 1, 0, 0, 0, 1, 0.0017432, -0.00576693, 7.17811)
body_offset = Transform3D(-0.250401, 0.724924, 0.641438, -3.45521e-05, 0.662489, -0.748792, -0.968013, -0.18742, -0.165941, -4.59969, 5.37873, 1.19175)
bone_name = "mixamorig_LeftHand"
joint_constraints/bias = 0.3
joint_constraints/damping = 1.0
joint_constraints/impulse_clamp = 0.0

[node name="CollisionShape3D" type="CollisionShape3D" parent="Armature/Skeleton3D/Physical Bone mixamorig_LeftHand" index="0"]
transform = Transform3D(0.872159, -0.474195, -0.120325, 0.436044, 0.641957, 0.630679, -0.221821, -0.60252, 0.766659, -4.37822, 16.1412, -7.37473)
visible = false
shape = SubResource("CapsuleShape3D_ke5ni")

[node name="Physical Bone mixamorig_RightArm" type="PhysicalBone3D" parent="Armature/Skeleton3D" index="7"]
transform = Transform3D(0.0844731, 0.96161, 0.259176, 0.79528, -0.22208, 0.562038, 0.6, 0.158977, -0.781568, -25.7443, 23.0096, -104.649)
visible = false
collision_layer = 2147483394
collision_mask = 2147483394
joint_type = 1
joint_offset = Transform3D(1, 0, 0, 0, 1, 0, 0, 0, 1, -0.0830008, -0.00966342, 9.25865)
body_offset = Transform3D(0.999803, -1.53482e-05, -6.18696e-05, 8.13603e-06, -2.56449e-05, -0.996949, 1.5527e-05, 0.999643, 0.000131696, 0.0835571, 9.23041, 0.00844193)
bone_name = "mixamorig_RightArm"
joint_constraints/bias = 0.3
joint_constraints/damping = 1.0
joint_constraints/impulse_clamp = 0.0

[node name="CollisionShape3D" type="CollisionShape3D" parent="Armature/Skeleton3D/Physical Bone mixamorig_RightArm" index="0"]
transform = Transform3D(1, 0, 0, 0, 0, 1, 0, -1, 0, 0, 0, 0)
visible = false
shape = SubResource("CapsuleShape3D_byjgb")

[node name="Physical Bone mixamorig_RightForeArm" type="PhysicalBone3D" parent="Armature/Skeleton3D" index="8"]
transform = Transform3D(0.251546, 0.961882, -0.106653, 0.492749, -0.222148, -0.841104, -0.832842, 0.159052, -0.529853, -26.582, 30.1431, -89.6036)
visible = false
collision_layer = 2147483394
collision_mask = 2147483394
joint_type = 1
joint_offset = Transform3D(1, 0, 0, 0, 1, 0, 0, 0, 1, 0.0302539, -0.0108229, 14.772)
body_offset = Transform3D(0.999852, 3.50177e-06, 1.29938e-05, 1.00732e-05, -1.78814e-06, -0.999788, 2.50712e-05, 0.999932, -1.34856e-05, -0.0304413, 14.7689, 0.0110207)
bone_name = "mixamorig_RightForeArm"
joint_constraints/bias = 0.3
joint_constraints/damping = 1.0
joint_constraints/impulse_clamp = 0.0

[node name="CollisionShape3D" type="CollisionShape3D" parent="Armature/Skeleton3D/Physical Bone mixamorig_RightForeArm" index="0"]
transform = Transform3D(1, 0, 0, 0, 0, 1, 0, -1, 0, 0, 0, 0)
visible = false
shape = SubResource("CapsuleShape3D_cdmwo")

[node name="Physical Bone mixamorig_RightHand" type="PhysicalBone3D" parent="Armature/Skeleton3D" index="9"]
transform = Transform3D(0.592695, -0.468534, -0.654523, -0.327373, 0.602382, -0.726758, 0.735711, 0.645659, 0.203924, -20.3071, 47.7825, -83.2769)
visible = false
collision_layer = 2147483394
collision_mask = 2147483394
joint_type = 1
joint_offset = Transform3D(1, 0, 0, 0, 1, 0, 0, 0, 1, -0.00730836, -0.00330868, 7.18502)
body_offset = Transform3D(-0.250367, -0.724908, -0.641264, 1.0401e-05, 0.662317, -0.747959, 0.968013, -0.187377, -0.165831, 4.60327, 5.37629, 1.19795)
bone_name = "mixamorig_RightHand"
joint_constraints/bias = 0.3
joint_constraints/damping = 1.0
joint_constraints/impulse_clamp = 0.0

[node name="CollisionShape3D" type="CollisionShape3D" parent="Armature/Skeleton3D/Physical Bone mixamorig_RightHand" index="0"]
transform = Transform3D(0.993259, 0.109785, -0.0371973, -0.0660429, 0.799704, 0.596751, 0.0952613, -0.590272, 0.801564, 0.065979, 16.245, -11.4656)
visible = false
shape = SubResource("CapsuleShape3D_yr85y")

[node name="Physical Bone mixamorig_LeftUpLeg" type="PhysicalBone3D" parent="Armature/Skeleton3D" index="10"]
transform = Transform3D(-0.970302, -0.232022, -0.0666674, -0.0320337, 0.39713, -0.916724, 0.239216, -0.887754, -0.392827, 13.3743, 13.5563, -70.5972)
visible = false
collision_layer = 2147483394
collision_mask = 2147483394
joint_type = 1
joint_offset = Transform3D(1, 0, 0, 0, 1, 0, 0, 0, 1, -0.00297182, 0.00399496, 16.2815)
body_offset = Transform3D(0.999868, 2.11466e-05, -5.7593e-06, -8.90419e-05, 5.74887e-05, -0.999571, 2.38586e-05, 0.999828, 0.000200778, 0.00306511, 16.2746, -0.00726318)
bone_name = "mixamorig_LeftUpLeg"
joint_constraints/bias = 0.3
joint_constraints/damping = 1.0
joint_constraints/impulse_clamp = 0.0

[node name="CollisionShape3D" type="CollisionShape3D" parent="Armature/Skeleton3D/Physical Bone mixamorig_LeftUpLeg" index="0"]
transform = Transform3D(1, -3.72529e-09, -4.65661e-09, -6.14673e-08, 0, 1, 1.30385e-08, -1, 5.96046e-08, -0.0447121, 0.0371933, 0.154665)
shape = SubResource("CapsuleShape3D_y1lv7")

[node name="Physical Bone mixamorig_LeftLeg" type="PhysicalBone3D" parent="Armature/Skeleton3D" index="11"]
transform = Transform3D(-0.921651, 0.119816, -0.368901, 0.0603681, 0.983644, 0.168589, 0.38312, 0.133094, -0.913897, 23.4413, 24.3097, -41.951)
visible = false
collision_layer = 2147483394
collision_mask = 2147483394
joint_type = 1
joint_offset = Transform3D(1, 0, 0, 0, 1, 0, 0, 0, 1, -0.00225792, 0.0547326, 24.3713)
body_offset = Transform3D(0.999934, -3.69139e-05, -1.97347e-06, -4.494e-05, -1.66893e-06, -0.999859, -1.92486e-05, 0.999814, -4.17233e-06, 0.00230789, 24.3679, -0.0546207)
bone_name = "mixamorig_LeftLeg"
joint_constraints/bias = 0.3
joint_constraints/damping = 1.0
joint_constraints/impulse_clamp = 0.0

[node name="CollisionShape3D" type="CollisionShape3D" parent="Armature/Skeleton3D/Physical Bone mixamorig_LeftLeg" index="0"]
transform = Transform3D(1, 1.95578e-08, 7.45058e-09, -3.72529e-09, 1.49012e-08, 1, -7.45058e-09, -1, -1.49012e-08, 0, 0, 0)
visible = false
shape = SubResource("CapsuleShape3D_5rjaj")

[node name="Physical Bone mixamorig_LeftFoot" type="PhysicalBone3D" parent="Armature/Skeleton3D" index="12"]
transform = Transform3D(-0.953354, 0.0752959, -0.266171, 0.239204, 0.689287, -0.682058, 0.132023, -0.72011, -0.680773, 36.2737, 30.0898, -9.88995)
visible = false
collision_layer = 2147483394
collision_mask = 2147483394
joint_type = 1
joint_offset = Transform3D(1, 0, 0, 0, 1, 0, 0, 0, 1, 0.0239306, 0.0408128, 14.448)
body_offset = Transform3D(0.99173, -1.01179e-05, 2.1711e-05, -0.000706002, 6.53267e-05, -0.999752, -0.00196518, 0.999673, 0.000121713, -0.0240459, 14.4445, -0.042511)
bone_name = "mixamorig_LeftFoot"
joint_constraints/bias = 0.3
joint_constraints/damping = 1.0
joint_constraints/impulse_clamp = 0.0

[node name="CollisionShape3D" type="CollisionShape3D" parent="Armature/Skeleton3D/Physical Bone mixamorig_LeftFoot" index="0"]
transform = Transform3D(0.969015, 0.15056, -0.195803, 0.0452892, 0.670989, 0.740081, 0.242808, -0.726019, 0.643382, -0.797358, -2.29943, 2.26907)
visible = false
shape = SubResource("CapsuleShape3D_1fdsd")

[node name="Physical Bone mixamorig_RightUpLeg" type="PhysicalBone3D" parent="Armature/Skeleton3D" index="13"]
transform = Transform3D(-0.785328, -0.118667, 0.607386, -0.583004, 0.469785, -0.662248, -0.206748, -0.874215, -0.438015, -20.1581, 5.53803, -69.8095)
visible = false
collision_layer = 2147483394
collision_mask = 2147483394
joint_type = 1
joint_offset = Transform3D(1, 0, 0, 0, 1, 0, 0, 0, 1, 0.00542767, -0.123912, 16.4944)
body_offset = Transform3D(0.999689, -2.90573e-05, -8.84235e-05, 0.000257343, 0.000267446, -0.999674, 7.71284e-05, 0.999517, -3.96371e-06, -0.0039711, 16.489, 0.123917)
bone_name = "mixamorig_RightUpLeg"
joint_constraints/bias = 0.3
joint_constraints/damping = 1.0
joint_constraints/impulse_clamp = 0.0

[node name="CollisionShape3D" type="CollisionShape3D" parent="Armature/Skeleton3D/Physical Bone mixamorig_RightUpLeg" index="0"]
transform = Transform3D(1, 0, 0, 0, 0, 1, 0, -1, 0, 0, 0, 0)
visible = false
shape = SubResource("CapsuleShape3D_5macp")

[node name="Physical Bone mixamorig_RightLeg" type="PhysicalBone3D" parent="Armature/Skeleton3D" index="14"]
transform = Transform3D(-0.804438, -0.554147, 0.215912, -0.478743, 0.803619, 0.314315, -0.350675, 0.144706, -0.924318, -35.145, 8.46056, -40.1689)
visible = false
collision_layer = 2147483394
collision_mask = 2147483394
joint_type = 1
joint_offset = Transform3D(1, 0, 0, 0, 1, 0, 0, 0, 1, 0.00675585, -0.00134008, 24.3422)
body_offset = Transform3D(0.999644, 0.0104094, 8.95262e-05, 0.000116855, 0.000737637, -0.999888, -0.000101209, 0.98677, -7.65026e-05, -0.00891876, 24.3395, 0.00318527)
bone_name = "mixamorig_RightLeg"
joint_constraints/bias = 0.3
joint_constraints/damping = 1.0
joint_constraints/impulse_clamp = 0.0

[node name="CollisionShape3D" type="CollisionShape3D" parent="Armature/Skeleton3D/Physical Bone mixamorig_RightLeg" index="0"]
transform = Transform3D(1, 0, 0, 0, 0, 1, 0, -1, 0, 0, 0, 0)
visible = false
shape = SubResource("CapsuleShape3D_ly8fl")

[node name="Physical Bone mixamorig_RightFoot" type="PhysicalBone3D" parent="Armature/Skeleton3D" index="15"]
transform = Transform3D(-0.727276, -0.326452, 0.602458, -0.675521, 0.479018, -0.558596, -0.10557, -0.814676, -0.569793, -49.1331, 8.91299, -9.42842)
visible = false
collision_layer = 2147483394
collision_mask = 2147483394
joint_type = 1
joint_offset = Transform3D(1, 0, 0, 0, 1, 0, 0, 0, 1, 0.00575687, 0.00878926, 14.5071)
body_offset = Transform3D(0.9982, 2.19941e-05, -3.0756e-05, 0.000626385, 1.68979e-05, -0.999826, -0.000181973, 0.999864, -3.74615e-05, -0.00530052, 14.5045, -0.00824356)
bone_name = "mixamorig_RightFoot"
joint_constraints/bias = 0.3
joint_constraints/damping = 1.0
joint_constraints/impulse_clamp = 0.0

[node name="CollisionShape3D" type="CollisionShape3D" parent="Armature/Skeleton3D/Physical Bone mixamorig_RightFoot" index="0"]
transform = Transform3D(0.977853, 0.00801983, -0.209139, 0.169265, 0.557417, 0.812795, 0.123096, -0.830194, 0.543714, -0.031723, 2.55421, -3.64571)
visible = false
shape = SubResource("CapsuleShape3D_dm4ht")

[node name="CollisionShape3D" type="CollisionShape3D" parent="." index="2"]
transform = Transform3D(1, 0, 0, 0, 0.99999, 0.00446805, 0, -0.00446805, 0.99999, 0, 0.89013, 0.153667)
shape = SubResource("CapsuleShape3D_dvco3")

[node name="NavigationAgent3D" type="NavigationAgent3D" parent="." index="3"]
