[gd_scene load_steps=18 format=3 uid="uid://evgrfe41qw21"]

[ext_resource type="PackedScene" uid="uid://dpqw1tx8o7ed8" path="res://dino vs lizzards/random/Zombie.glb" id="1_i6bcb"]
[ext_resource type="Script" path="res://dino vs lizzards/game models/zombie.gd" id="2_npqc2"]

[sub_resource type="CapsuleShape3D" id="CapsuleShape3D_0n6gc"]
radius = 15.0
height = 60.0

[sub_resource type="SphereShape3D" id="SphereShape3D_6ctq1"]
margin = 0.0
radius = 29.072

[sub_resource type="CapsuleShape3D" id="CapsuleShape3D_ewws6"]
radius = 6.243
height = 27.261

[sub_resource type="CapsuleShape3D" id="CapsuleShape3D_faug3"]
radius = 8.445
height = 43.885

[sub_resource type="CapsuleShape3D" id="CapsuleShape3D_ke5ni"]
radius = 17.921
height = 45.732

[sub_resource type="CapsuleShape3D" id="CapsuleShape3D_byjgb"]
radius = 5.144
height = 26.162

[sub_resource type="CapsuleShape3D" id="CapsuleShape3D_cdmwo"]
radius = 6.401
height = 38.3

[sub_resource type="CapsuleShape3D" id="CapsuleShape3D_yr85y"]
radius = 14.625
height = 53.424

[sub_resource type="CapsuleShape3D" id="CapsuleShape3D_y1lv7"]
radius = 13.143
height = 53.789

[sub_resource type="CapsuleShape3D" id="CapsuleShape3D_5rjaj"]
radius = 13.656
height = 70.626

[sub_resource type="CapsuleShape3D" id="CapsuleShape3D_1fdsd"]
radius = 12.79
height = 65.205

[sub_resource type="CapsuleShape3D" id="CapsuleShape3D_5macp"]
radius = 9.714
height = 48.265

[sub_resource type="CapsuleShape3D" id="CapsuleShape3D_ly8fl"]
radius = 14.502
height = 56.34

[sub_resource type="CapsuleShape3D" id="CapsuleShape3D_dm4ht"]
radius = 12.84
height = 63.066

[sub_resource type="CapsuleShape3D" id="CapsuleShape3D_dvco3"]
radius = 0.4
height = 1.8

[node name="Zombie" instance=ExtResource("1_i6bcb")]
script = ExtResource("2_npqc2")

[node name="Skeleton3D" parent="Armature" index="0"]
bones/0/rotation = Quaternion(-0.62284, -0.125654, 0.106214, 0.764853)
bones/1/rotation = Quaternion(0.0252847, -0.00525223, 0.0158747, 0.99954)
bones/2/rotation = Quaternion(0.0626634, -0.0109741, 0.0122704, 0.997899)
bones/3/position = Vector3(5.58794e-08, 8.65112, -2.53844e-09)
bones/3/rotation = Quaternion(0.0629914, -0.0100341, 0.012539, 0.997885)
bones/4/position = Vector3(4.73112e-07, 21.2425, -0.842538)
bones/4/rotation = Quaternion(-0.0514322, 0.0281269, -0.0222935, 0.998031)
bones/5/position = Vector3(-2.61888e-06, 20.4181, 4.8338)
bones/5/rotation = Quaternion(-0.195972, 0.121985, -0.0351994, 0.972356)
bones/6/position = Vector3(0, 34.6705, 5.03829)
bones/9/rotation = Quaternion(-0.559479, -0.418267, 0.612299, -0.370305)
bones/10/position = Vector3(3.74704e-06, 12.1385, 4.58091e-06)
bones/10/rotation = Quaternion(0.358136, 0.0608786, 0.190748, 0.911947)
bones/11/position = Vector3(-3.72244e-06, 18.4696, -2.89452e-06)
bones/11/rotation = Quaternion(-8.49234e-07, 1.41224e-07, 0.67065, 0.741774)
bones/12/position = Vector3(-7.63223e-06, 29.5088, -3.71125e-06)
bones/12/rotation = Quaternion(-0.231881, 0.181496, 0.0359934, 0.954984)
bones/13/rotation = Quaternion(0.199339, 0.0742166, 0.206866, 0.954967)
bones/14/position = Vector3(9.53672e-07, 6.33226, -9.05991e-06)
bones/14/rotation = Quaternion(0.0467179, 0.0171442, -0.00223031, 0.998759)
bones/15/position = Vector3(1.90733e-06, 5.98995, -3.57628e-06)
bones/15/rotation = Quaternion(0.0230088, -0.102058, -0.340561, 0.934384)
bones/16/position = Vector3(9.5366e-07, 5.74295, -1.28746e-05)
bones/17/position = Vector3(-6.40379, 26.4943, -0.170998)
bones/17/rotation = Quaternion(0.110158, -0.0888419, 0.0790593, 0.986773)
bones/18/position = Vector3(7.65102e-06, 8.79288, -1.22464e-05)
bones/18/rotation = Quaternion(0.177067, -0.00316226, -0.0237844, 0.983906)
bones/19/position = Vector3(7.68421e-06, 10.0751, 2.54671e-06)
bones/20/position = Vector3(0.00152642, 25.7911, 0.0166932)
bones/20/rotation = Quaternion(0.00220545, -0.00833393, 0.0194477, 0.999774)
bones/21/position = Vector3(-7.61523e-06, 9.39401, 8.46378e-07)
bones/21/rotation = Quaternion(0.4518, -0.0103562, -0.0577967, 0.890185)
bones/22/position = Vector3(5.7943e-08, 10.7719, 4.19679e-06)
bones/23/position = Vector3(6.22733, 24.6876, -0.127845)
bones/23/rotation = Quaternion(-0.149612, -0.00676277, -0.10506, 0.983124)
bones/24/position = Vector3(-6.30613e-07, 9.3938, -7.23097e-06)
bones/24/rotation = Quaternion(0.219567, -0.00672742, -0.0290989, 0.97514)
bones/25/position = Vector3(3.94925e-07, 9.92853, -6.34609e-06)
bones/26/position = Vector3(12.817, 23.682, -0.10871)
bones/26/rotation = Quaternion(-0.034196, 0.0369993, -0.216336, 0.975018)
bones/27/position = Vector3(-7.3109e-06, 8.42511, -6.96529e-06)
bones/27/rotation = Quaternion(0.231252, -0.00543255, -0.0314731, 0.97237)
bones/28/position = Vector3(-1.85618e-07, 8.14696, 5.22561e-06)
bones/29/rotation = Quaternion(0.609381, -0.395561, 0.556668, 0.402874)
bones/30/position = Vector3(-3.88355e-06, 12.1386, 6.0094e-06)
bones/30/rotation = Quaternion(0.416941, 0.0135565, -0.210624, 0.884089)
bones/31/position = Vector3(-5.35965e-08, 18.4696, 3.6493e-06)
bones/31/rotation = Quaternion(-2.36539e-06, -1.66222e-06, -0.696304, 0.717747)
bones/32/position = Vector3(-9.36079e-08, 29.5089, 3.83202e-06)
bones/32/rotation = Quaternion(0.026601, -0.215979, -0.0623778, 0.97404)
bones/33/rotation = Quaternion(0.0352548, -0.0579387, -0.430141, 0.900211)
bones/34/position = Vector3(-5.24547e-06, 6.33219, -5.7292e-06)
bones/34/rotation = Quaternion(-0.0325549, 0.0583528, 0.392115, 0.917486)
bones/35/position = Vector3(5.48404e-06, 5.99007, -2.67026e-05)
bones/35/rotation = Quaternion(-0.012451, 0.00910735, -0.221879, 0.974952)
bones/36/position = Vector3(-3.33786e-06, 5.74305, -7.62937e-06)
bones/37/position = Vector3(6.40379, 26.4943, -0.171003)
bones/37/rotation = Quaternion(-0.181431, -0.00910986, 0.0314015, 0.98286)
bones/38/position = Vector3(6.94058e-08, 8.79248, 2.57266e-07)
bones/38/rotation = Quaternion(0.37831, 0.00306906, 0.0502712, 0.924308)
bones/39/position = Vector3(1.44617e-07, 10.076, 6.4191e-07)
bones/40/position = Vector3(-0.00152048, 25.7911, 0.0160011)
bones/40/rotation = Quaternion(-0.126457, 0.00296449, 0.0275787, 0.991584)
bones/41/position = Vector3(7.56296e-06, 9.39372, -7.62639e-06)
bones/41/rotation = Quaternion(0.496333, 0.00974923, 0.0620468, 0.865857)
bones/42/position = Vector3(4.45489e-08, 10.772, 7.29329e-06)
bones/43/position = Vector3(-6.22732, 24.6876, -0.127995)
bones/43/rotation = Quaternion(0.134744, 0.0112043, 0.069227, 0.988396)
bones/44/position = Vector3(5.30203e-08, 9.3942, 6.49522e-06)
bones/44/rotation = Quaternion(0.0574845, 0.00672814, 0.00832227, 0.998289)
bones/45/position = Vector3(-1.39887e-06, 9.92802, -1.54481e-06)
bones/46/position = Vector3(-12.817, 23.682, -0.108997)
bones/46/rotation = Quaternion(0.249842, 0.017577, 0.0861039, 0.964291)
bones/47/position = Vector3(5.86087e-06, 8.4251, 6.66839e-08)
bones/47/rotation = Quaternion(0.465897, 0.00518843, 0.062328, 0.882626)
bones/48/position = Vector3(5.88835e-06, 8.1467, -3.7434e-06)
bones/49/rotation = Quaternion(0.12198, 0.454527, 0.860537, -0.19494)
bones/50/position = Vector3(3.24227e-06, 32.5338, 2.08922e-06)
bones/50/rotation = Quaternion(-0.481053, -0.0637585, 0.0395024, 0.873477)
bones/51/rotation = Quaternion(0.505521, -0.136042, -0.0611222, 0.849827)
bones/52/rotation = Quaternion(0.303501, -0.0527421, -0.0121545, 0.951293)
bones/53/position = Vector3(-1.91359e-06, 23.5123, -1.02955e-07)
bones/54/rotation = Quaternion(-0.118137, 0.399701, 0.900129, 0.126689)
bones/55/position = Vector3(-3.4336e-06, 32.5338, -2.95068e-06)
bones/55/rotation = Quaternion(-0.474408, 0.074199, -0.0401538, 0.876253)
bones/56/position = Vector3(3.77179e-06, 48.648, 1.75544e-06)
bones/56/rotation = Quaternion(0.538859, 0.13517, 0.0539909, 0.829726)
bones/57/rotation = Quaternion(0.309692, 0.0508311, 0.0112279, 0.949411)

[node name="Physical Bone mixamorig_Spine2" type="PhysicalBone3D" parent="Armature/Skeleton3D" index="2"]
transform = Transform3D(0.921147, -0.349377, 0.170846, 0.388892, 0.827263, -0.404656, -0.000525086, 0.439269, 0.897941, -2.97001, 10.9779, -130.296)
collision_layer = 2147483394
collision_mask = 2147483394
joint_type = 1
joint_offset = Transform3D(1, 0, 0, 0, 1, 0, 0, 0, 1, 0.00249659, -0.00350896, 10.616)
body_offset = Transform3D(0.999874, -6.07669e-05, 5.35399e-05, 0.000506535, 0.0396216, -0.998832, -0.000301868, 0.998907, 0.0396096, -0.00306487, 10.6037, -0.416988)
bone_name = "mixamorig_Spine2"
joint_constraints/bias = 0.3
joint_constraints/damping = 1.0
joint_constraints/impulse_clamp = 0.0

[node name="CollisionShape3D" type="CollisionShape3D" parent="Armature/Skeleton3D/Physical Bone mixamorig_Spine2" index="0"]
transform = Transform3D(0.999261, -0.0312359, 0.0223899, -0.0254218, -0.10031, 0.994632, -0.0288224, -0.994466, -0.10103, 3.81359, 1.73768, 12.3746)
visible = false
shape = SubResource("CapsuleShape3D_0n6gc")

[node name="Physical Bone mixamorig_Head" type="PhysicalBone3D" parent="Armature/Skeleton3D" index="3"]
transform = Transform3D(-0.99629, 0.0802954, -0.0260961, -0.0756162, -0.985802, -0.147278, -0.0377382, -0.144821, 0.985093, -8.03734, 29.5725, -174.17)
collision_layer = 2147483394
collision_mask = 2147483394
joint_type = 1
joint_offset = Transform3D(1, 0, 0, 0, 1, 0, 0, 0, 1, -0.000349345, 0.0014596, 17.552)
body_offset = Transform3D(-0.999868, -6.34789e-06, 3.12282e-05, 9.07807e-06, 0.14364, -0.985981, -2.48104e-06, -0.989239, -0.1436, -0.000897408, 17.3058, 2.52192)
bone_name = "mixamorig_Head"
joint_constraints/bias = 0.3
joint_constraints/damping = 1.0
joint_constraints/impulse_clamp = 0.0

[node name="CollisionShape3D" type="CollisionShape3D" parent="Armature/Skeleton3D/Physical Bone mixamorig_Head" index="0"]
transform = Transform3D(0.999999, -1.11759e-08, 3.72529e-09, 0, 2.98023e-08, 1, 6.51926e-09, -1, 5.96046e-08, 0.126871, -1.35113, 3.39352)
visible = false
shape = SubResource("SphereShape3D_6ctq1")

[node name="Physical Bone mixamorig_LeftArm" type="PhysicalBone3D" parent="Armature/Skeleton3D" index="4"]
transform = Transform3D(0.594057, -0.673248, -0.439684, -0.74022, -0.671249, 0.0271021, -0.313491, 0.309289, -0.89759, 18.2129, 15.8142, -125.801)
collision_layer = 2147483394
collision_mask = 2147483394
joint_type = 1
joint_offset = Transform3D(1, 0, 0, 0, 1, 0, 0, 0, 1, -0.0085228, -0.0183464, 9.2538)
body_offset = Transform3D(0.999553, -3.66271e-05, 0.000141818, 1.39363e-05, -9.84222e-06, -0.999861, 1.87755e-06, 0.999748, 0.000199594, 0.00720596, 9.25252, 0.0164948)
bone_name = "mixamorig_LeftArm"
joint_constraints/bias = 0.3
joint_constraints/damping = 1.0
joint_constraints/impulse_clamp = 0.0

[node name="CollisionShape3D" type="CollisionShape3D" parent="Armature/Skeleton3D/Physical Bone mixamorig_LeftArm" index="0"]
transform = Transform3D(1, 0, 0, 1.49012e-08, 1.86265e-08, 1, 2.98023e-08, -1, -7.45058e-09, 0, 0, 0)
visible = false
shape = SubResource("CapsuleShape3D_ewws6")

[node name="Physical Bone mixamorig_LeftForeArm" type="PhysicalBone3D" parent="Armature/Skeleton3D" index="5"]
transform = Transform3D(0.497108, -0.673239, 0.547025, -0.101538, -0.67123, -0.733932, 0.861527, 0.309231, -0.402172, 14.1956, 26.3927, -111.582)
collision_layer = 2147483394
collision_mask = 2147483394
joint_type = 1
joint_offset = Transform3D(1, 0, 0, 0, 1, 0, 0, 0, 1, -0.00953985, -0.0176096, 14.752)
body_offset = Transform3D(0.999827, -6.21676e-05, -1.03191e-05, 1.88127e-05, 2.08318e-05, -0.999818, -4.4331e-05, 0.999712, 1.46925e-05, 0.00968933, 14.7493, 0.0173874)
bone_name = "mixamorig_LeftForeArm"
joint_constraints/bias = 0.3
joint_constraints/damping = 1.0
joint_constraints/impulse_clamp = 0.0

[node name="CollisionShape3D" type="CollisionShape3D" parent="Armature/Skeleton3D/Physical Bone mixamorig_LeftForeArm" index="0"]
transform = Transform3D(1, 0, 0, 0, 0, 1, 0, -1, 0, 0, 0, 0)
visible = false
shape = SubResource("CapsuleShape3D_faug3")

[node name="Physical Bone mixamorig_LeftHand" type="PhysicalBone3D" parent="Armature/Skeleton3D" index="6"]
transform = Transform3D(0.442157, 0.458365, 0.770695, 0.211112, 0.781799, -0.586201, -0.871552, 0.422056, 0.248931, 0.597843, 41.4508, -107.44)
visible = false
collision_layer = 2147483394
collision_mask = 2147483394
joint_type = 1
joint_offset = Transform3D(1, 0, 0, 0, 1, 0, 0, 0, 1, 0.0033108, -0.00651559, 7.17621)
body_offset = Transform3D(-0.250377, 0.724905, 0.641395, -4.27663e-05, 0.662445, -0.748765, -0.96798, -0.187402, -0.165929, -4.59723, 5.37761, 1.19273)
bone_name = "mixamorig_LeftHand"
joint_constraints/bias = 0.3
joint_constraints/damping = 1.0
joint_constraints/impulse_clamp = 0.0

[node name="CollisionShape3D" type="CollisionShape3D" parent="Armature/Skeleton3D/Physical Bone mixamorig_LeftHand" index="0"]
transform = Transform3D(0.872159, -0.474195, -0.120325, 0.436044, 0.641957, 0.630679, -0.221821, -0.60252, 0.766659, -4.37822, 16.1412, -7.37473)
visible = false
shape = SubResource("CapsuleShape3D_ke5ni")

[node name="Physical Bone mixamorig_RightArm" type="PhysicalBone3D" parent="Armature/Skeleton3D" index="7"]
transform = Transform3D(-0.0613949, 0.981725, 0.177569, 0.982122, 0.0280764, 0.183508, 0.175796, 0.186073, -0.963637, -20.9521, 2.13424, -124.451)
visible = false
collision_layer = 2147483394
collision_mask = 2147483394
joint_type = 1
joint_offset = Transform3D(1, 0, 0, 0, 1, 0, 0, 0, 1, -0.0762877, -0.0120248, 9.27085)
body_offset = Transform3D(0.999619, -9.14745e-06, -5.19603e-05, 2.60174e-05, -3.67803e-05, -0.996897, 2.11746e-05, 0.999598, 0.000132246, 0.0767403, 9.24208, 0.0107956)
bone_name = "mixamorig_RightArm"
joint_constraints/bias = 0.3
joint_constraints/damping = 1.0
joint_constraints/impulse_clamp = 0.0

[node name="CollisionShape3D" type="CollisionShape3D" parent="Armature/Skeleton3D/Physical Bone mixamorig_RightArm" index="0"]
transform = Transform3D(1, 0, 0, 0, 0, 1, 0, -1, 0, 0, 0, 0)
visible = false
shape = SubResource("CapsuleShape3D_byjgb")

[node name="Physical Bone mixamorig_RightForeArm" type="PhysicalBone3D" parent="Armature/Skeleton3D" index="8"]
transform = Transform3D(0.176044, 0.982033, 0.0667677, 0.213809, 0.0280877, -0.976197, -0.960675, 0.186167, -0.205044, -23.5802, 14.776, -112.475)
visible = false
collision_layer = 2147483394
collision_mask = 2147483394
joint_type = 1
joint_offset = Transform3D(1, 0, 0, 0, 1, 0, 0, 0, 1, 0.0401637, -0.0141452, 14.7764)
body_offset = Transform3D(0.999801, 9.14605e-06, 3.18736e-05, 1.68979e-05, -1.79373e-06, -0.999731, 3.09628e-05, 0.999918, -2.46651e-05, -0.0406265, 14.7724, 0.0145073)
bone_name = "mixamorig_RightForeArm"
joint_constraints/bias = 0.3
joint_constraints/damping = 1.0
joint_constraints/impulse_clamp = 0.0

[node name="CollisionShape3D" type="CollisionShape3D" parent="Armature/Skeleton3D/Physical Bone mixamorig_RightForeArm" index="0"]
transform = Transform3D(1, 0, 0, 0, 0, 1, 0, -1, 0, 0, 0, 0)
visible = false
shape = SubResource("CapsuleShape3D_cdmwo")

[node name="Physical Bone mixamorig_RightHand" type="PhysicalBone3D" parent="Armature/Skeleton3D" index="9"]
transform = Transform3D(0.64548, -0.551012, -0.528216, -0.1052, 0.620863, -0.775499, 0.756243, 0.556852, 0.342988, -20.7741, 34.7441, -111.948)
visible = false
collision_layer = 2147483394
collision_mask = 2147483394
joint_type = 1
joint_offset = Transform3D(1, 0, 0, 0, 1, 0, 0, 0, 1, -0.0100801, -0.00373216, 7.18106)
body_offset = Transform3D(-0.250344, -0.724895, -0.641228, 1.47894e-05, 0.662267, -0.747919, 0.967959, -0.187352, -0.165818, 4.59947, 5.37332, 1.19981)
bone_name = "mixamorig_RightHand"
joint_constraints/bias = 0.3
joint_constraints/damping = 1.0
joint_constraints/impulse_clamp = 0.0

[node name="CollisionShape3D" type="CollisionShape3D" parent="Armature/Skeleton3D/Physical Bone mixamorig_RightHand" index="0"]
transform = Transform3D(0.993259, 0.109785, -0.0371973, -0.0660429, 0.799704, 0.596751, 0.0952613, -0.590272, 0.801564, 0.065979, 16.245, -11.4656)
visible = false
shape = SubResource("CapsuleShape3D_yr85y")

[node name="Physical Bone mixamorig_LeftUpLeg" type="PhysicalBone3D" parent="Armature/Skeleton3D" index="10"]
transform = Transform3D(-0.969985, -0.154737, -0.186755, 0.0279225, 0.693475, -0.719251, 0.240849, -0.703333, -0.668301, 14.4982, 12.4882, -74.1596)
visible = false
collision_layer = 2147483394
collision_mask = 2147483394
joint_type = 1
joint_offset = Transform3D(1, 0, 0, 0, 1, 0, 0, 0, 1, -0.00390705, 0.00724507, 16.2859)
body_offset = Transform3D(0.99983, 2.57697e-05, -4.33624e-06, -0.000111137, 7.32839e-05, -0.999414, 3.33264e-05, 0.999765, 0.000226557, 0.00397682, 16.2763, -0.0109329)
bone_name = "mixamorig_LeftUpLeg"
joint_constraints/bias = 0.3
joint_constraints/damping = 1.0
joint_constraints/impulse_clamp = 0.0

[node name="CollisionShape3D" type="CollisionShape3D" parent="Armature/Skeleton3D/Physical Bone mixamorig_LeftUpLeg" index="0"]
transform = Transform3D(1, -3.72529e-09, -4.65661e-09, -6.14673e-08, 0, 1, 1.30385e-08, -1, 5.96046e-08, -0.0447121, 0.0371933, 0.154665)
shape = SubResource("CapsuleShape3D_y1lv7")

[node name="Physical Bone mixamorig_LeftLeg" type="PhysicalBone3D" parent="Armature/Skeleton3D" index="11"]
transform = Transform3D(-0.946144, 0.219111, -0.23798, 0.172365, 0.963815, 0.202092, 0.273709, 0.150182, -0.949687, 23.324, 19.2185, -40.156)
visible = false
collision_layer = 2147483394
collision_mask = 2147483394
joint_type = 1
joint_offset = Transform3D(1, 0, 0, 0, 1, 0, 0, 0, 1, -0.00313452, 0.0558198, 24.3777)
body_offset = Transform3D(0.999908, -5.04404e-05, -1.43051e-06, -5.9925e-05, -7.09295e-06, -0.999691, -2.57641e-05, 0.999753, 2.30968e-06, 0.00317192, 24.3702, -0.0558624)
bone_name = "mixamorig_LeftLeg"
joint_constraints/bias = 0.3
joint_constraints/damping = 1.0
joint_constraints/impulse_clamp = 0.0

[node name="CollisionShape3D" type="CollisionShape3D" parent="Armature/Skeleton3D/Physical Bone mixamorig_LeftLeg" index="0"]
transform = Transform3D(1, 1.95578e-08, 7.45058e-09, -3.72529e-09, 1.49012e-08, 1, -7.45058e-09, -1, -1.49012e-08, 0, 0, 0)
visible = false
shape = SubResource("CapsuleShape3D_5rjaj")

[node name="Physical Bone mixamorig_LeftFoot" type="PhysicalBone3D" parent="Armature/Skeleton3D" index="12"]
transform = Transform3D(-0.917365, 0.175673, -0.338238, 0.372108, 0.55531, -0.740856, 0.0584242, -0.812296, -0.57961, 34.0213, 25.0349, -8.67739)
visible = false
collision_layer = 2147483394
collision_mask = 2147483394
joint_type = 1
joint_offset = Transform3D(1, 0, 0, 0, 1, 0, 0, 0, 1, 0.0252638, 0.0427804, 14.4482)
body_offset = Transform3D(0.991682, -6.3926e-06, 3.21865e-05, -0.00071454, 0.000158876, -0.999611, -0.00197238, 0.999528, 0.000149369, -0.0255184, 14.4426, -0.0448685)
bone_name = "mixamorig_LeftFoot"
joint_constraints/bias = 0.3
joint_constraints/damping = 1.0
joint_constraints/impulse_clamp = 0.0

[node name="CollisionShape3D" type="CollisionShape3D" parent="Armature/Skeleton3D/Physical Bone mixamorig_LeftFoot" index="0"]
transform = Transform3D(0.969015, 0.15056, -0.195803, 0.0452892, 0.670989, 0.740081, 0.242808, -0.726019, 0.643382, -0.797358, -2.29943, 2.26907)
visible = false
shape = SubResource("CapsuleShape3D_1fdsd")

[node name="Physical Bone mixamorig_RightUpLeg" type="PhysicalBone3D" parent="Armature/Skeleton3D" index="13"]
transform = Transform3D(-0.787903, -0.321557, 0.524873, -0.563235, 0.719557, -0.404846, -0.247368, -0.614431, -0.748212, -18.7861, 0.278159, -74.1433)
visible = false
collision_layer = 2147483394
collision_mask = 2147483394
joint_type = 1
joint_offset = Transform3D(1, 0, 0, 0, 1, 0, 0, 0, 1, 0.00716195, -0.118985, 16.4963)
body_offset = Transform3D(0.999608, -3.05772e-05, -0.000110924, 0.000331253, 0.000360638, -0.999608, 9.67085e-05, 0.999344, -1.04308e-06, -0.00533295, 16.4898, 0.118923)
bone_name = "mixamorig_RightUpLeg"
joint_constraints/bias = 0.3
joint_constraints/damping = 1.0
joint_constraints/impulse_clamp = 0.0

[node name="CollisionShape3D" type="CollisionShape3D" parent="Armature/Skeleton3D/Physical Bone mixamorig_RightUpLeg" index="0"]
transform = Transform3D(1, 0, 0, 0, 0, 1, 0, -1, 0, 0, 0, 0)
visible = false
shape = SubResource("CapsuleShape3D_5macp")

[node name="Physical Bone mixamorig_RightLeg" type="PhysicalBone3D" parent="Armature/Skeleton3D" index="14"]
transform = Transform3D(-0.673003, -0.736371, 0.0176645, -0.678678, 0.61179, 0.38115, -0.292716, 0.239159, -0.924182, -27.6, -2.58531, -39.5592)
visible = false
collision_layer = 2147483394
collision_mask = 2147483394
joint_type = 1
joint_offset = Transform3D(1, 0, 0, 0, 1, 0, 0, 0, 1, 0.00806173, -0.000592663, 24.3462)
body_offset = Transform3D(0.99961, 0.0104434, 0.000105232, 0.000148267, 0.000752255, -0.999851, -7.4625e-05, 0.986721, -9.99719e-05, -0.0106144, 24.3426, 0.00301933)
bone_name = "mixamorig_RightLeg"
joint_constraints/bias = 0.3
joint_constraints/damping = 1.0
joint_constraints/impulse_clamp = 0.0

[node name="CollisionShape3D" type="CollisionShape3D" parent="Armature/Skeleton3D/Physical Bone mixamorig_RightLeg" index="0"]
transform = Transform3D(1, 0, 0, 0, 0, 1, 0, -1, 0, 0, 0, 0)
visible = false
shape = SubResource("CapsuleShape3D_ly8fl")

[node name="Physical Bone mixamorig_RightFoot" type="PhysicalBone3D" parent="Armature/Skeleton3D" index="15"]
transform = Transform3D(-0.525559, -0.457503, 0.716655, -0.842297, 0.383741, -0.374426, -0.103029, -0.801911, -0.587959, -38.4235, -6.43103, -8.54826)
visible = false
collision_layer = 2147483394
collision_mask = 2147483394
joint_type = 1
joint_offset = Transform3D(1, 0, 0, 0, 1, 0, 0, 0, 1, 0.00620239, 0.0197836, 14.514)
body_offset = Transform3D(0.998144, 2.34246e-05, -4.67896e-05, 0.000643373, 2.82824e-05, -0.999744, -0.000182927, 0.999815, -3.5584e-05, -0.00551224, 14.5103, -0.0192623)
bone_name = "mixamorig_RightFoot"
joint_constraints/bias = 0.3
joint_constraints/damping = 1.0
joint_constraints/impulse_clamp = 0.0

[node name="CollisionShape3D" type="CollisionShape3D" parent="Armature/Skeleton3D/Physical Bone mixamorig_RightFoot" index="0"]
transform = Transform3D(0.977853, 0.00801983, -0.209139, 0.169265, 0.557417, 0.812795, 0.123096, -0.830194, 0.543714, -0.031723, 2.55421, -3.64571)
visible = false
shape = SubResource("CapsuleShape3D_dm4ht")

[node name="CollisionShape3D" type="CollisionShape3D" parent="." index="2"]
transform = Transform3D(1, 0, 0, 0, 0.99999, 0.00446805, 0, -0.00446805, 0.99999, 0, 0.89013, 0.153667)
shape = SubResource("CapsuleShape3D_dvco3")

[node name="NavigationAgent3D" type="NavigationAgent3D" parent="." index="3"]
