[gd_scene load_steps=18 format=3 uid="uid://evgrfe41qw21"]

[ext_resource type="PackedScene" uid="uid://dpqw1tx8o7ed8" path="res://dino vs lizzards/random/Zombie.glb" id="1_i6bcb"]
[ext_resource type="Script" path="res://dino vs lizzards/game models/zombie.gd" id="2_npqc2"]

[sub_resource type="CapsuleShape3D" id="CapsuleShape3D_0n6gc"]
radius = 15.0
height = 60.0

[sub_resource type="SphereShape3D" id="SphereShape3D_6ctq1"]
margin = 0.0
radius = 29.072

[sub_resource type="CapsuleShape3D" id="CapsuleShape3D_ewws6"]
radius = 6.243
height = 27.261

[sub_resource type="CapsuleShape3D" id="CapsuleShape3D_faug3"]
radius = 8.445
height = 43.885

[sub_resource type="CapsuleShape3D" id="CapsuleShape3D_ke5ni"]
radius = 17.921
height = 45.732

[sub_resource type="CapsuleShape3D" id="CapsuleShape3D_byjgb"]
radius = 5.144
height = 26.162

[sub_resource type="CapsuleShape3D" id="CapsuleShape3D_cdmwo"]
radius = 6.401
height = 38.3

[sub_resource type="CapsuleShape3D" id="CapsuleShape3D_yr85y"]
radius = 14.625
height = 53.424

[sub_resource type="CapsuleShape3D" id="CapsuleShape3D_y1lv7"]
radius = 13.143
height = 53.789

[sub_resource type="CapsuleShape3D" id="CapsuleShape3D_5rjaj"]
radius = 13.656
height = 70.626

[sub_resource type="CapsuleShape3D" id="CapsuleShape3D_1fdsd"]
radius = 12.79
height = 65.205

[sub_resource type="CapsuleShape3D" id="CapsuleShape3D_5macp"]
radius = 9.714
height = 48.265

[sub_resource type="CapsuleShape3D" id="CapsuleShape3D_ly8fl"]
radius = 14.502
height = 56.34

[sub_resource type="CapsuleShape3D" id="CapsuleShape3D_dm4ht"]
radius = 12.84
height = 63.066

[sub_resource type="CapsuleShape3D" id="CapsuleShape3D_dvco3"]
radius = 0.4
height = 1.8

[node name="Zombie" instance=ExtResource("1_i6bcb")]
script = ExtResource("2_npqc2")

[node name="Skeleton3D" parent="Armature" index="0"]
bones/0/rotation = Quaternion(-0.62284, -0.125654, 0.106214, 0.764853)
bones/1/rotation = Quaternion(0.0252847, -0.00525223, 0.0158747, 0.99954)
bones/2/rotation = Quaternion(0.0626634, -0.0109741, 0.0122704, 0.997899)
bones/3/position = Vector3(5.58794e-08, 8.65112, -2.53844e-09)
bones/3/rotation = Quaternion(0.0629914, -0.0100341, 0.012539, 0.997885)
bones/4/position = Vector3(4.73112e-07, 21.2425, -0.842538)
bones/4/rotation = Quaternion(-0.0514322, 0.0281269, -0.0222935, 0.998031)
bones/5/position = Vector3(-2.61888e-06, 20.4181, 4.8338)
bones/5/rotation = Quaternion(-0.195972, 0.121985, -0.0351994, 0.972356)
bones/6/position = Vector3(0, 34.6705, 5.03829)
bones/9/rotation = Quaternion(-0.559479, -0.418267, 0.612299, -0.370305)
bones/10/position = Vector3(3.74704e-06, 12.1385, 4.58091e-06)
bones/10/rotation = Quaternion(0.358136, 0.0608786, 0.190748, 0.911947)
bones/11/position = Vector3(-3.72244e-06, 18.4696, -2.89452e-06)
bones/11/rotation = Quaternion(-8.49234e-07, 1.41224e-07, 0.67065, 0.741774)
bones/12/position = Vector3(-7.63223e-06, 29.5088, -3.71125e-06)
bones/12/rotation = Quaternion(-0.231881, 0.181496, 0.0359934, 0.954984)
bones/13/rotation = Quaternion(0.199339, 0.0742166, 0.206866, 0.954967)
bones/14/position = Vector3(9.53672e-07, 6.33226, -9.05991e-06)
bones/14/rotation = Quaternion(0.0467179, 0.0171442, -0.00223031, 0.998759)
bones/15/position = Vector3(1.90733e-06, 5.98995, -3.57628e-06)
bones/15/rotation = Quaternion(0.0230088, -0.102058, -0.340561, 0.934384)
bones/16/position = Vector3(9.5366e-07, 5.74295, -1.28746e-05)
bones/17/position = Vector3(-6.40379, 26.4943, -0.170998)
bones/17/rotation = Quaternion(0.110158, -0.0888419, 0.0790593, 0.986773)
bones/18/position = Vector3(7.65102e-06, 8.79288, -1.22464e-05)
bones/18/rotation = Quaternion(0.177067, -0.00316226, -0.0237844, 0.983906)
bones/19/position = Vector3(7.68421e-06, 10.0751, 2.54671e-06)
bones/20/position = Vector3(0.00152642, 25.7911, 0.0166932)
bones/20/rotation = Quaternion(0.00220545, -0.00833393, 0.0194477, 0.999774)
bones/21/position = Vector3(-7.61523e-06, 9.39401, 8.46378e-07)
bones/21/rotation = Quaternion(0.4518, -0.0103562, -0.0577967, 0.890185)
bones/22/position = Vector3(5.7943e-08, 10.7719, 4.19679e-06)
bones/23/position = Vector3(6.22733, 24.6876, -0.127845)
bones/23/rotation = Quaternion(-0.149612, -0.00676277, -0.10506, 0.983124)
bones/24/position = Vector3(-6.30613e-07, 9.3938, -7.23097e-06)
bones/24/rotation = Quaternion(0.219567, -0.00672742, -0.0290989, 0.97514)
bones/25/position = Vector3(3.94925e-07, 9.92853, -6.34609e-06)
bones/26/position = Vector3(12.817, 23.682, -0.10871)
bones/26/rotation = Quaternion(-0.034196, 0.0369993, -0.216336, 0.975018)
bones/27/position = Vector3(-7.3109e-06, 8.42511, -6.96529e-06)
bones/27/rotation = Quaternion(0.231252, -0.00543255, -0.0314731, 0.97237)
bones/28/position = Vector3(-1.85618e-07, 8.14696, 5.22561e-06)
bones/29/rotation = Quaternion(0.609381, -0.395561, 0.556668, 0.402874)
bones/30/position = Vector3(-3.88355e-06, 12.1386, 6.0094e-06)
bones/30/rotation = Quaternion(0.416941, 0.0135565, -0.210624, 0.884089)
bones/31/position = Vector3(-5.35965e-08, 18.4696, 3.6493e-06)
bones/31/rotation = Quaternion(-2.36539e-06, -1.66222e-06, -0.696304, 0.717747)
bones/32/position = Vector3(-9.36079e-08, 29.5089, 3.83202e-06)
bones/32/rotation = Quaternion(0.026601, -0.215979, -0.0623778, 0.97404)
bones/33/rotation = Quaternion(0.0352548, -0.0579387, -0.430141, 0.900211)
bones/34/position = Vector3(-5.24547e-06, 6.33219, -5.7292e-06)
bones/34/rotation = Quaternion(-0.0325549, 0.0583528, 0.392115, 0.917486)
bones/35/position = Vector3(5.48404e-06, 5.99007, -2.67026e-05)
bones/35/rotation = Quaternion(-0.012451, 0.00910735, -0.221879, 0.974952)
bones/36/position = Vector3(-3.33786e-06, 5.74305, -7.62937e-06)
bones/37/position = Vector3(6.40379, 26.4943, -0.171003)
bones/37/rotation = Quaternion(-0.181431, -0.00910986, 0.0314015, 0.98286)
bones/38/position = Vector3(6.94058e-08, 8.79248, 2.57266e-07)
bones/38/rotation = Quaternion(0.37831, 0.00306906, 0.0502712, 0.924308)
bones/39/position = Vector3(1.44617e-07, 10.076, 6.4191e-07)
bones/40/position = Vector3(-0.00152048, 25.7911, 0.0160011)
bones/40/rotation = Quaternion(-0.126457, 0.00296449, 0.0275787, 0.991584)
bones/41/position = Vector3(7.56296e-06, 9.39372, -7.62639e-06)
bones/41/rotation = Quaternion(0.496333, 0.00974923, 0.0620468, 0.865857)
bones/42/position = Vector3(4.45489e-08, 10.772, 7.29329e-06)
bones/43/position = Vector3(-6.22732, 24.6876, -0.127995)
bones/43/rotation = Quaternion(0.134744, 0.0112043, 0.069227, 0.988396)
bones/44/position = Vector3(5.30203e-08, 9.3942, 6.49522e-06)
bones/44/rotation = Quaternion(0.0574845, 0.00672814, 0.00832227, 0.998289)
bones/45/position = Vector3(-1.39887e-06, 9.92802, -1.54481e-06)
bones/46/position = Vector3(-12.817, 23.682, -0.108997)
bones/46/rotation = Quaternion(0.249842, 0.017577, 0.0861039, 0.964291)
bones/47/position = Vector3(5.86087e-06, 8.4251, 6.66839e-08)
bones/47/rotation = Quaternion(0.465897, 0.00518843, 0.062328, 0.882626)
bones/48/position = Vector3(5.88835e-06, 8.1467, -3.7434e-06)
bones/49/rotation = Quaternion(0.12198, 0.454527, 0.860537, -0.19494)
bones/50/position = Vector3(3.24227e-06, 32.5338, 2.08922e-06)
bones/50/rotation = Quaternion(-0.481053, -0.0637585, 0.0395024, 0.873477)
bones/51/rotation = Quaternion(0.505521, -0.136042, -0.0611222, 0.849827)
bones/52/rotation = Quaternion(0.303501, -0.0527421, -0.0121545, 0.951293)
bones/53/position = Vector3(-1.91359e-06, 23.5123, -1.02955e-07)
bones/54/rotation = Quaternion(-0.118137, 0.399701, 0.900129, 0.126689)
bones/55/position = Vector3(-3.4336e-06, 32.5338, -2.95068e-06)
bones/55/rotation = Quaternion(-0.474408, 0.074199, -0.0401538, 0.876253)
bones/56/position = Vector3(3.77179e-06, 48.648, 1.75544e-06)
bones/56/rotation = Quaternion(0.538859, 0.13517, 0.0539909, 0.829726)
bones/57/rotation = Quaternion(0.309692, 0.0508311, 0.0112279, 0.949411)

[node name="Physical Bone mixamorig_Spine2" type="PhysicalBone3D" parent="Armature/Skeleton3D" index="2"]
transform = Transform3D(0.921197, -0.349394, 0.170852, 0.388923, 0.827394, -0.404734, -0.000534691, 0.439326, 0.898085, -2.96976, 10.9811, -130.303)
collision_layer = 2147483394
collision_mask = 2147483394
joint_type = 1
joint_offset = Transform3D(1, 0, 0, 0, 1, 0, 0, 0, 1, 0.00129298, -0.00263846, 10.6224)
body_offset = Transform3D(0.999933, -2.57492e-05, 2.90424e-05, 0.000519589, 0.0396321, -0.998993, -0.000297904, 0.999046, 0.0396129, -0.00160146, 10.6118, -0.418148)
bone_name = "mixamorig_Spine2"
joint_constraints/bias = 0.3
joint_constraints/damping = 1.0
joint_constraints/impulse_clamp = 0.0

[node name="CollisionShape3D" type="CollisionShape3D" parent="Armature/Skeleton3D/Physical Bone mixamorig_Spine2" index="0"]
transform = Transform3D(0.999261, -0.0312359, 0.0223899, -0.0254218, -0.10031, 0.994632, -0.0288224, -0.994466, -0.10103, 3.81359, 1.73768, 12.3746)
visible = false
shape = SubResource("CapsuleShape3D_0n6gc")

[node name="Physical Bone mixamorig_Head" type="PhysicalBone3D" parent="Armature/Skeleton3D" index="3"]
transform = Transform3D(-0.996334, 0.0803055, -0.0260987, -0.075618, -0.985884, -0.147313, -0.0377385, -0.144864, 0.985158, -8.03637, 29.5716, -174.184)
collision_layer = 2147483394
collision_mask = 2147483394
joint_type = 1
joint_offset = Transform3D(1, 0, 0, 0, 1, 0, 0, 0, 1, -1.65403e-05, -0.00196314, 17.5642)
body_offset = Transform3D(-0.999912, -3.98606e-06, 2.84323e-05, 7.68102e-06, 0.143683, -0.986047, -9.61125e-07, -0.989321, -0.143636, -0.000515938, 17.3194, 2.5209)
bone_name = "mixamorig_Head"
joint_constraints/bias = 0.3
joint_constraints/damping = 1.0
joint_constraints/impulse_clamp = 0.0

[node name="CollisionShape3D" type="CollisionShape3D" parent="Armature/Skeleton3D/Physical Bone mixamorig_Head" index="0"]
transform = Transform3D(0.999999, -1.11759e-08, 3.72529e-09, 0, 2.98023e-08, 1, 6.51926e-09, -1, 5.96046e-08, 0.126871, -1.35113, 3.39352)
visible = false
shape = SubResource("SphereShape3D_6ctq1")

[node name="Physical Bone mixamorig_LeftArm" type="PhysicalBone3D" parent="Armature/Skeleton3D" index="4"]
transform = Transform3D(0.594184, -0.673325, -0.439695, -0.740382, -0.67135, 0.0271182, -0.313572, 0.309326, -0.897665, 18.2123, 15.8233, -125.808)
collision_layer = 2147483394
collision_mask = 2147483394
joint_type = 1
joint_offset = Transform3D(1, 0, 0, 0, 1, 0, 0, 0, 1, -0.00380933, -0.0100879, 9.24585)
body_offset = Transform3D(0.999774, -1.96397e-05, 0.000146598, 2.36183e-06, -7.31647e-06, -0.999935, 2.98023e-08, 0.99988, 0.000173356, 0.00245285, 9.24525, 0.00848389)
bone_name = "mixamorig_LeftArm"
joint_constraints/bias = 0.3
joint_constraints/damping = 1.0
joint_constraints/impulse_clamp = 0.0

[node name="CollisionShape3D" type="CollisionShape3D" parent="Armature/Skeleton3D/Physical Bone mixamorig_LeftArm" index="0"]
transform = Transform3D(1, 0, 0, 1.49012e-08, 1.86265e-08, 1, 2.98023e-08, -1, -7.45058e-09, 0, 0, 0)
visible = false
shape = SubResource("CapsuleShape3D_ewws6")

[node name="Physical Bone mixamorig_LeftForeArm" type="PhysicalBone3D" parent="Armature/Skeleton3D" index="5"]
transform = Transform3D(0.497139, -0.673333, 0.547068, -0.101551, -0.671332, -0.733984, 0.861589, 0.309299, -0.402199, 14.1975, 26.4015, -111.588)
collision_layer = 2147483394
collision_mask = 2147483394
joint_type = 1
joint_offset = Transform3D(1, 0, 0, 0, 1, 0, 0, 0, 1, -0.00450677, -0.00858612, 14.7539)
body_offset = Transform3D(0.999898, -3.95775e-05, -7.44313e-06, 1.71289e-05, 2.40505e-05, -0.99989, -3.6642e-05, 0.999865, 1.20103e-05, 0.00461578, 14.7523, 0.00840759)
bone_name = "mixamorig_LeftForeArm"
joint_constraints/bias = 0.3
joint_constraints/damping = 1.0
joint_constraints/impulse_clamp = 0.0

[node name="CollisionShape3D" type="CollisionShape3D" parent="Armature/Skeleton3D/Physical Bone mixamorig_LeftForeArm" index="0"]
transform = Transform3D(1, 0, 0, 0, 0, 1, 0, -1, 0, 0, 0, 0)
visible = false
shape = SubResource("CapsuleShape3D_faug3")

[node name="Physical Bone mixamorig_LeftHand" type="PhysicalBone3D" parent="Armature/Skeleton3D" index="6"]
transform = Transform3D(0.442159, 0.458392, 0.770772, 0.211137, 0.781897, -0.586235, -0.871622, 0.422059, 0.24897, 0.595233, 41.4526, -107.444)
visible = false
collision_layer = 2147483394
collision_mask = 2147483394
joint_type = 1
joint_offset = Transform3D(1, 0, 0, 0, 1, 0, 0, 0, 1, 0.000769615, -0.00523444, 7.17957)
body_offset = Transform3D(-0.250419, 0.72494, 0.641473, -2.62409e-05, 0.662531, -0.748815, -0.968038, -0.187442, -0.165942, -4.60151, 5.37964, 1.19115)
bone_name = "mixamorig_LeftHand"
joint_constraints/bias = 0.3
joint_constraints/damping = 1.0
joint_constraints/impulse_clamp = 0.0

[node name="CollisionShape3D" type="CollisionShape3D" parent="Armature/Skeleton3D/Physical Bone mixamorig_LeftHand" index="0"]
transform = Transform3D(0.872159, -0.474195, -0.120325, 0.436044, 0.641957, 0.630679, -0.221821, -0.60252, 0.766659, -4.37822, 16.1412, -7.37473)
visible = false
shape = SubResource("CapsuleShape3D_ke5ni")

[node name="Physical Bone mixamorig_RightArm" type="PhysicalBone3D" parent="Armature/Skeleton3D" index="7"]
transform = Transform3D(-0.0614148, 0.981784, 0.17797, 0.982359, 0.0280652, 0.184123, 0.175818, 0.186102, -0.966506, -20.9535, 2.07695, -124.464)
visible = false
collision_layer = 2147483394
collision_mask = 2147483394
joint_type = 1
joint_offset = Transform3D(1, 0, 0, 0, 1, 0, 0, 0, 1, -0.0183817, -0.00538684, 9.24117)
body_offset = Transform3D(0.999857, -1.88537e-05, 2.39164e-05, 7.25687e-06, -1.79284e-05, -0.999855, 1.23531e-05, 0.999661, 8.54861e-06, 0.018158, 9.23983, 0.00530624)
bone_name = "mixamorig_RightArm"
joint_constraints/bias = 0.3
joint_constraints/damping = 1.0
joint_constraints/impulse_clamp = 0.0

[node name="CollisionShape3D" type="CollisionShape3D" parent="Armature/Skeleton3D/Physical Bone mixamorig_RightArm" index="0"]
transform = Transform3D(1, 0, 0, 0, 0, 1, 0, -1, 0, 0, 0, 0)
visible = false
shape = SubResource("CapsuleShape3D_byjgb")

[node name="Physical Bone mixamorig_RightForeArm" type="PhysicalBone3D" parent="Armature/Skeleton3D" index="8"]
transform = Transform3D(0.176048, 0.982055, 0.0667863, 0.213814, 0.0280846, -0.976308, -0.960763, 0.186176, -0.20504, -23.5828, 14.769, -112.505)
visible = false
collision_layer = 2147483394
collision_mask = 2147483394
joint_type = 1
joint_offset = Transform3D(1, 0, 0, 0, 1, 0, 0, 0, 1, 0.0142784, -0.00613737, 14.7621)
body_offset = Transform3D(0.999888, 3.40492e-06, 8.12113e-06, 3.24845e-06, -4.38094e-06, -0.99984, 1.83857e-05, 0.999942, -8.8606e-06, -0.0143967, 14.7597, 0.00626755)
bone_name = "mixamorig_RightForeArm"
joint_constraints/bias = 0.3
joint_constraints/damping = 1.0
joint_constraints/impulse_clamp = 0.0

[node name="CollisionShape3D" type="CollisionShape3D" parent="Armature/Skeleton3D/Physical Bone mixamorig_RightForeArm" index="0"]
transform = Transform3D(1, 0, 0, 0, 0, 1, 0, -1, 0, 0, 0, 0)
visible = false
shape = SubResource("CapsuleShape3D_cdmwo")

[node name="Physical Bone mixamorig_RightHand" type="PhysicalBone3D" parent="Armature/Skeleton3D" index="9"]
transform = Transform3D(0.645521, -0.551058, -0.528265, -0.10522, 0.620945, -0.775567, 0.756322, 0.556857, 0.343012, -20.7737, 34.75, -111.955)
visible = false
collision_layer = 2147483394
collision_mask = 2147483394
joint_type = 1
joint_offset = Transform3D(1, 0, 0, 0, 1, 0, 0, 0, 1, -0.00498879, -0.00366253, 7.18734)
body_offset = Transform3D(-0.250386, -0.72492, -0.641281, 4.93228e-06, 0.662347, -0.747985, 0.968039, -0.187394, -0.165838, 4.6052, 5.37845, 1.19608)
bone_name = "mixamorig_RightHand"
joint_constraints/bias = 0.3
joint_constraints/damping = 1.0
joint_constraints/impulse_clamp = 0.0

[node name="CollisionShape3D" type="CollisionShape3D" parent="Armature/Skeleton3D/Physical Bone mixamorig_RightHand" index="0"]
transform = Transform3D(0.993259, 0.109785, -0.0371973, -0.0660429, 0.799704, 0.596751, 0.0952613, -0.590272, 0.801564, 0.065979, 16.245, -11.4656)
visible = false
shape = SubResource("CapsuleShape3D_yr85y")

[node name="Physical Bone mixamorig_LeftUpLeg" type="PhysicalBone3D" parent="Armature/Skeleton3D" index="10"]
transform = Transform3D(-0.97004, -0.154749, -0.186782, 0.0279498, 0.693529, -0.719426, 0.240897, -0.703429, -0.668419, 14.4988, 12.4896, -74.1661)
visible = false
collision_layer = 2147483394
collision_mask = 2147483394
joint_type = 1
joint_offset = Transform3D(1, 0, 0, 0, 1, 0, 0, 0, 1, -0.00175667, 0.00238186, 16.2792)
body_offset = Transform3D(0.999895, 1.5581e-05, -1.09095e-05, -6.90781e-05, 4.53889e-05, -0.999623, 2.65203e-05, 0.999872, 0.000192314, 0.00193405, 16.2731, -0.00551224)
bone_name = "mixamorig_LeftUpLeg"
joint_constraints/bias = 0.3
joint_constraints/damping = 1.0
joint_constraints/impulse_clamp = 0.0

[node name="CollisionShape3D" type="CollisionShape3D" parent="Armature/Skeleton3D/Physical Bone mixamorig_LeftUpLeg" index="0"]
transform = Transform3D(1, -3.72529e-09, -4.65661e-09, -6.14673e-08, 0, 1, 1.30385e-08, -1, 5.96046e-08, -0.0447121, 0.0371933, 0.154665)
shape = SubResource("CapsuleShape3D_y1lv7")

[node name="Physical Bone mixamorig_LeftLeg" type="PhysicalBone3D" parent="Armature/Skeleton3D" index="11"]
transform = Transform3D(-0.946172, 0.219113, -0.238024, 0.172375, 0.963899, 0.202124, 0.273746, 0.150204, -0.949868, 23.3271, 19.2779, -40.1881)
visible = false
collision_layer = 2147483394
collision_mask = 2147483394
joint_type = 1
joint_offset = Transform3D(1, 0, 0, 0, 1, 0, 0, 0, 1, -0.00166145, 0.00287672, 24.3312)
body_offset = Transform3D(0.999946, -3.13222e-05, -3.05101e-06, -3.31141e-05, -2.90573e-06, -0.999881, -1.67638e-05, 0.999837, -3.60608e-06, 0.00173569, 24.3283, -0.00278854)
bone_name = "mixamorig_LeftLeg"
joint_constraints/bias = 0.3
joint_constraints/damping = 1.0
joint_constraints/impulse_clamp = 0.0

[node name="CollisionShape3D" type="CollisionShape3D" parent="Armature/Skeleton3D/Physical Bone mixamorig_LeftLeg" index="0"]
transform = Transform3D(1, 1.95578e-08, 7.45058e-09, -3.72529e-09, 1.49012e-08, 1, -7.45058e-09, -1, -1.49012e-08, 0, 0, 0)
visible = false
shape = SubResource("CapsuleShape3D_5rjaj")

[node name="Physical Bone mixamorig_LeftFoot" type="PhysicalBone3D" parent="Armature/Skeleton3D" index="12"]
transform = Transform3D(-0.917427, 0.175675, -0.338298, 0.372157, 0.555336, -0.741038, 0.0584279, -0.812524, -0.579682, 34.0218, 25.0425, -8.67912)
visible = false
collision_layer = 2147483394
collision_mask = 2147483394
joint_type = 1
joint_offset = Transform3D(1, 0, 0, 0, 1, 0, 0, 0, 1, 0.0231317, 0.0378177, 14.4501)
body_offset = Transform3D(0.991757, -1.15335e-05, 1.47223e-05, -0.000696927, 4.63128e-05, -0.999808, -0.00195913, 0.999728, 9.65893e-05, -0.0231533, 14.4474, -0.0391579)
bone_name = "mixamorig_LeftFoot"
joint_constraints/bias = 0.3
joint_constraints/damping = 1.0
joint_constraints/impulse_clamp = 0.0

[node name="CollisionShape3D" type="CollisionShape3D" parent="Armature/Skeleton3D/Physical Bone mixamorig_LeftFoot" index="0"]
transform = Transform3D(0.969015, 0.15056, -0.195803, 0.0452892, 0.670989, 0.740081, 0.242808, -0.726019, 0.643382, -0.797358, -2.29943, 2.26907)
visible = false
shape = SubResource("CapsuleShape3D_1fdsd")

[node name="Physical Bone mixamorig_RightUpLeg" type="PhysicalBone3D" parent="Armature/Skeleton3D" index="13"]
transform = Transform3D(-0.787986, -0.321579, 0.524939, -0.563492, 0.719695, -0.405024, -0.247513, -0.614703, -0.748409, -18.7905, 0.282222, -74.1508)
visible = false
collision_layer = 2147483394
collision_mask = 2147483394
joint_type = 1
joint_offset = Transform3D(1, 0, 0, 0, 1, 0, 0, 0, 1, 0.00248572, -0.127432, 16.4905)
body_offset = Transform3D(0.999854, -2.3067e-05, -1.39475e-05, 0.000162706, 0.000225037, -0.999862, 2.7597e-05, 0.999618, -2.89679e-05, -0.0022583, 16.4882, 0.127861)
bone_name = "mixamorig_RightUpLeg"
joint_constraints/bias = 0.3
joint_constraints/damping = 1.0
joint_constraints/impulse_clamp = 0.0

[node name="CollisionShape3D" type="CollisionShape3D" parent="Armature/Skeleton3D/Physical Bone mixamorig_RightUpLeg" index="0"]
transform = Transform3D(1, 0, 0, 0, 0, 1, 0, -1, 0, 0, 0, 0)
visible = false
shape = SubResource("CapsuleShape3D_5macp")

[node name="Physical Bone mixamorig_RightLeg" type="PhysicalBone3D" parent="Armature/Skeleton3D" index="14"]
transform = Transform3D(-0.673003, -0.736334, 0.0176691, -0.678744, 0.612164, 0.381224, -0.292801, 0.239247, -0.924224, -27.6029, -2.58523, -39.5698)
visible = false
collision_layer = 2147483394
collision_mask = 2147483394
joint_type = 1
joint_offset = Transform3D(1, 0, 0, 0, 1, 0, 0, 0, 1, 0.00407609, -0.000984869, 24.3348)
body_offset = Transform3D(0.999679, 0.0101391, 6.41048e-05, 9.53078e-05, 0.000690535, -0.999918, -0.00013721, 0.98695, -6.70999e-05, -0.00562477, 24.3328, 0.00260544)
bone_name = "mixamorig_RightLeg"
joint_constraints/bias = 0.3
joint_constraints/damping = 1.0
joint_constraints/impulse_clamp = 0.0

[node name="CollisionShape3D" type="CollisionShape3D" parent="Armature/Skeleton3D/Physical Bone mixamorig_RightLeg" index="0"]
transform = Transform3D(1, 0, 0, 0, 0, 1, 0, -1, 0, 0, 0, 0)
visible = false
shape = SubResource("CapsuleShape3D_ly8fl")

[node name="Physical Bone mixamorig_RightFoot" type="PhysicalBone3D" parent="Armature/Skeleton3D" index="15"]
transform = Transform3D(-0.525587, -0.457523, 0.716725, -0.842396, 0.383768, -0.374492, -0.103058, -0.801995, -0.58804, -38.4254, -6.4292, -8.56065)
visible = false
collision_layer = 2147483394
collision_mask = 2147483394
joint_type = 1
joint_offset = Transform3D(1, 0, 0, 0, 1, 0, 0, 0, 1, 0.00507928, 0.00816157, 14.5069)
body_offset = Transform3D(0.998245, 1.96099e-05, -1.9908e-05, 0.000609189, 3.20375e-06, -0.999867, -0.000184119, 0.999902, -2.74926e-05, -0.00478172, 14.505, -0.007761)
bone_name = "mixamorig_RightFoot"
joint_constraints/bias = 0.3
joint_constraints/damping = 1.0
joint_constraints/impulse_clamp = 0.0

[node name="CollisionShape3D" type="CollisionShape3D" parent="Armature/Skeleton3D/Physical Bone mixamorig_RightFoot" index="0"]
transform = Transform3D(0.977853, 0.00801983, -0.209139, 0.169265, 0.557417, 0.812795, 0.123096, -0.830194, 0.543714, -0.031723, 2.55421, -3.64571)
visible = false
shape = SubResource("CapsuleShape3D_dm4ht")

[node name="CollisionShape3D" type="CollisionShape3D" parent="." index="2"]
transform = Transform3D(1, 0, 0, 0, 0.99999, 0.00446805, 0, -0.00446805, 0.99999, 0, 0.89013, 0.153667)
visible = false
shape = SubResource("CapsuleShape3D_dvco3")

[node name="NavigationAgent3D" type="NavigationAgent3D" parent="." index="3"]
