[gd_scene load_steps=17 format=3 uid="uid://evgrfe41qw21"]

[ext_resource type="PackedScene" uid="uid://dpqw1tx8o7ed8" path="res://dino vs lizzards/Zombie.glb" id="1_i6bcb"]

[sub_resource type="CapsuleShape3D" id="CapsuleShape3D_0n6gc"]
radius = 15.0
height = 60.0

[sub_resource type="SphereShape3D" id="SphereShape3D_6ctq1"]
margin = 0.0
radius = 29.072

[sub_resource type="CapsuleShape3D" id="CapsuleShape3D_ewws6"]
radius = 6.243
height = 27.261

[sub_resource type="CapsuleShape3D" id="CapsuleShape3D_faug3"]
radius = 8.445
height = 43.885

[sub_resource type="CapsuleShape3D" id="CapsuleShape3D_ke5ni"]
radius = 17.921
height = 45.732

[sub_resource type="CapsuleShape3D" id="CapsuleShape3D_byjgb"]
radius = 5.144
height = 26.162

[sub_resource type="CapsuleShape3D" id="CapsuleShape3D_cdmwo"]
radius = 6.401
height = 38.3

[sub_resource type="CapsuleShape3D" id="CapsuleShape3D_yr85y"]
radius = 14.625
height = 53.424

[sub_resource type="CapsuleShape3D" id="CapsuleShape3D_y1lv7"]
radius = 13.143
height = 53.789

[sub_resource type="CapsuleShape3D" id="CapsuleShape3D_5rjaj"]
radius = 13.656
height = 70.626

[sub_resource type="CapsuleShape3D" id="CapsuleShape3D_1fdsd"]
radius = 12.79
height = 65.205

[sub_resource type="CapsuleShape3D" id="CapsuleShape3D_5macp"]
radius = 9.714
height = 48.265

[sub_resource type="CapsuleShape3D" id="CapsuleShape3D_ly8fl"]
radius = 14.502
height = 56.34

[sub_resource type="CapsuleShape3D" id="CapsuleShape3D_dm4ht"]
radius = 12.84
height = 63.066

[sub_resource type="CapsuleShape3D" id="CapsuleShape3D_dvco3"]
radius = 0.4
height = 1.8

[node name="Zombie" instance=ExtResource("1_i6bcb")]

[node name="Skeleton3D" parent="Armature" index="0"]
bones/0/position = Vector3(0.5111, -1.22462, -91.7131)
bones/0/rotation = Quaternion(-0.62284, -0.125653, 0.106214, 0.764853)
bones/1/rotation = Quaternion(0.0252848, -0.00525235, 0.0158746, 0.99954)
bones/2/rotation = Quaternion(0.0626633, -0.0109741, 0.0122705, 0.997899)
bones/3/position = Vector3(5.58794e-08, 8.65112, -2.53844e-09)
bones/3/rotation = Quaternion(0.0629915, -0.0100341, 0.012539, 0.997885)
bones/4/position = Vector3(4.73112e-07, 21.2425, -0.842538)
bones/4/rotation = Quaternion(-0.0514323, 0.0281269, -0.0222935, 0.998031)
bones/5/position = Vector3(-2.61888e-06, 20.4181, 4.8338)
bones/5/rotation = Quaternion(-0.195972, 0.121985, -0.0351994, 0.972356)
bones/6/position = Vector3(0, 34.6705, 5.03829)
bones/9/rotation = Quaternion(-0.559479, -0.418267, 0.6123, -0.370305)
bones/10/position = Vector3(3.74704e-06, 12.1385, 4.58091e-06)
bones/10/rotation = Quaternion(0.358137, 0.0608786, 0.190748, 0.911947)
bones/11/position = Vector3(-3.72244e-06, 18.4696, -2.89452e-06)
bones/11/rotation = Quaternion(-9.44655e-07, 2.41666e-07, 0.67065, 0.741774)
bones/12/position = Vector3(-7.63223e-06, 29.5088, -3.71125e-06)
bones/12/rotation = Quaternion(-0.231881, 0.181496, 0.0359935, 0.954984)
bones/13/rotation = Quaternion(0.199339, 0.0742166, 0.206866, 0.954967)
bones/14/position = Vector3(9.53672e-07, 6.33226, -9.05991e-06)
bones/14/rotation = Quaternion(0.0467179, 0.0171442, -0.00223031, 0.998759)
bones/15/position = Vector3(1.90733e-06, 5.98995, -3.57628e-06)
bones/15/rotation = Quaternion(0.0230088, -0.102058, -0.340561, 0.934384)
bones/16/position = Vector3(9.5366e-07, 5.74295, -1.28746e-05)
bones/17/position = Vector3(-6.40379, 26.4943, -0.170998)
bones/17/rotation = Quaternion(0.110158, -0.0888419, 0.0790593, 0.986773)
bones/18/position = Vector3(7.65102e-06, 8.79288, -1.22464e-05)
bones/18/rotation = Quaternion(0.177066, -0.00316208, -0.0237844, 0.983906)
bones/19/position = Vector3(7.68421e-06, 10.0751, 2.54671e-06)
bones/20/position = Vector3(0.00152642, 25.7911, 0.0166932)
bones/20/rotation = Quaternion(0.00220566, -0.00833395, 0.0194478, 0.999774)
bones/21/position = Vector3(-7.61523e-06, 9.39401, 8.46378e-07)
bones/21/rotation = Quaternion(0.4518, -0.0103562, -0.0577969, 0.890185)
bones/22/position = Vector3(5.7943e-08, 10.7719, 4.19679e-06)
bones/23/position = Vector3(6.22733, 24.6876, -0.127845)
bones/23/rotation = Quaternion(-0.149612, -0.00676276, -0.10506, 0.983124)
bones/24/position = Vector3(-6.30613e-07, 9.3938, -7.23097e-06)
bones/24/rotation = Quaternion(0.219567, -0.00672743, -0.029099, 0.97514)
bones/25/position = Vector3(3.94925e-07, 9.92853, -6.34609e-06)
bones/26/position = Vector3(12.817, 23.682, -0.10871)
bones/26/rotation = Quaternion(-0.0341959, 0.0369993, -0.216336, 0.975018)
bones/27/position = Vector3(-7.3109e-06, 8.42511, -6.96529e-06)
bones/27/rotation = Quaternion(0.231252, -0.00543259, -0.0314731, 0.97237)
bones/28/position = Vector3(-1.85618e-07, 8.14696, 5.22561e-06)
bones/29/rotation = Quaternion(0.609381, -0.395561, 0.556668, 0.402874)
bones/30/position = Vector3(-3.88355e-06, 12.1386, 6.0094e-06)
bones/30/rotation = Quaternion(0.416941, 0.0135565, -0.210624, 0.884089)
bones/31/position = Vector3(-5.35965e-08, 18.4696, 3.6493e-06)
bones/31/rotation = Quaternion(-2.33328e-06, -1.56766e-06, -0.696303, 0.717748)
bones/32/position = Vector3(-9.36079e-08, 29.5089, 3.83202e-06)
bones/32/rotation = Quaternion(0.026601, -0.215979, -0.0623778, 0.97404)
bones/33/rotation = Quaternion(0.0352548, -0.0579387, -0.430141, 0.90021)
bones/34/position = Vector3(-5.24547e-06, 6.33219, -5.7292e-06)
bones/34/rotation = Quaternion(-0.0325551, 0.0583527, 0.392115, 0.917486)
bones/35/position = Vector3(5.48404e-06, 5.99007, -2.67026e-05)
bones/35/rotation = Quaternion(-0.012451, 0.00910747, -0.221879, 0.974952)
bones/36/position = Vector3(-3.33786e-06, 5.74305, -7.62937e-06)
bones/37/position = Vector3(6.40379, 26.4943, -0.171003)
bones/37/rotation = Quaternion(-0.181431, -0.00910985, 0.0314016, 0.98286)
bones/38/position = Vector3(6.94058e-08, 8.79248, 2.57266e-07)
bones/38/rotation = Quaternion(0.37831, 0.00306917, 0.0502713, 0.924308)
bones/39/position = Vector3(1.44617e-07, 10.076, 6.4191e-07)
bones/40/position = Vector3(-0.00152048, 25.7911, 0.0160011)
bones/40/rotation = Quaternion(-0.126457, 0.00296447, 0.0275786, 0.991584)
bones/41/position = Vector3(7.56296e-06, 9.39372, -7.62639e-06)
bones/41/rotation = Quaternion(0.496333, 0.00974949, 0.0620467, 0.865857)
bones/42/position = Vector3(4.45489e-08, 10.772, 7.29329e-06)
bones/43/position = Vector3(-6.22732, 24.6876, -0.127995)
bones/43/rotation = Quaternion(0.134744, 0.0112044, 0.0692269, 0.988396)
bones/44/position = Vector3(5.30203e-08, 9.3942, 6.49522e-06)
bones/44/rotation = Quaternion(0.0574845, 0.00672824, 0.00832237, 0.998289)
bones/45/position = Vector3(-1.39887e-06, 9.92802, -1.54481e-06)
bones/46/position = Vector3(-12.817, 23.682, -0.108997)
bones/46/rotation = Quaternion(0.249842, 0.0175771, 0.0861038, 0.964291)
bones/47/position = Vector3(5.86087e-06, 8.4251, 6.66839e-08)
bones/47/rotation = Quaternion(0.465897, 0.00518839, 0.062328, 0.882626)
bones/48/position = Vector3(5.88835e-06, 8.1467, -3.7434e-06)
bones/49/rotation = Quaternion(0.12198, 0.454526, 0.860538, -0.19494)
bones/50/position = Vector3(3.24227e-06, 32.5338, 2.08922e-06)
bones/50/rotation = Quaternion(-0.481052, -0.0637586, 0.0395024, 0.873478)
bones/51/rotation = Quaternion(0.505521, -0.136042, -0.0611225, 0.849827)
bones/52/rotation = Quaternion(0.303501, -0.0527421, -0.0121546, 0.951293)
bones/53/position = Vector3(-1.91359e-06, 23.5123, -1.02955e-07)
bones/54/rotation = Quaternion(-0.118139, 0.399693, 0.900132, 0.126694)
bones/55/position = Vector3(-3.4336e-06, 32.5338, -2.95068e-06)
bones/55/rotation = Quaternion(-0.474409, 0.0741972, -0.0401531, 0.876252)
bones/56/position = Vector3(3.77179e-06, 48.648, 1.75544e-06)
bones/56/rotation = Quaternion(0.53886, 0.135171, 0.0539926, 0.829725)
bones/57/rotation = Quaternion(0.309697, 0.0508368, 0.0112293, 0.949409)

[node name="Physical Bone mixamorig_Spine2" type="PhysicalBone3D" parent="Armature/Skeleton3D" index="2"]
transform = Transform3D(0.921208, -0.349399, 0.170855, 0.38893, 0.827417, -0.404749, 5.89283e-05, 0.439334, 0.898118, -2.9696, 10.9818, -130.305)
collision_layer = 2147483394
collision_mask = 2147483394
joint_type = 1
joint_offset = Transform3D(1, 0, 0, 0, 1, 0, 0, 0, 1, 0.00090904, -0.00236893, 10.6238)
body_offset = Transform3D(0.999945, -2.15769e-05, 2.48253e-05, -2.19047e-06, 0.0396358, -0.999029, -1.46627e-05, 0.999071, 0.0396156, -0.00117278, 10.6136, -0.418503)
bone_name = "mixamorig_Spine2"
joint_constraints/bias = 0.3
joint_constraints/damping = 1.0
joint_constraints/impulse_clamp = 0.0

[node name="CollisionShape3D" type="CollisionShape3D" parent="Armature/Skeleton3D/Physical Bone mixamorig_Spine2" index="0"]
transform = Transform3D(0.999261, -0.0312359, 0.0223899, -0.0254218, -0.10031, 0.994632, -0.0288224, -0.994466, -0.10103, 3.81359, 1.73768, 12.3746)
visible = false
shape = SubResource("CapsuleShape3D_0n6gc")

[node name="Physical Bone mixamorig_Head" type="PhysicalBone3D" parent="Armature/Skeleton3D" index="3"]
transform = Transform3D(-0.996345, 0.0803095, -0.0262418, -0.0756195, -0.98592, -0.147446, -0.0377385, -0.144903, 0.988507, -8.03622, 29.5712, -174.186)
collision_layer = 2147483394
collision_mask = 2147483394
joint_type = 1
joint_offset = Transform3D(1, 0, 0, 0, 1, 0, 0, 0, 1, -0.000420392, 0.00374079, 17.508)
body_offset = Transform3D(-0.999923, -4.40329e-06, 1.91946e-06, 7.30282e-06, 0.143721, -0.989399, -1.40816e-06, -0.989358, -0.143753, -0.000453949, 17.3219, 2.52052)
bone_name = "mixamorig_Head"
joint_constraints/bias = 0.3
joint_constraints/damping = 1.0
joint_constraints/impulse_clamp = 0.0

[node name="CollisionShape3D" type="CollisionShape3D" parent="Armature/Skeleton3D/Physical Bone mixamorig_Head" index="0"]
transform = Transform3D(0.999999, -1.11759e-08, 3.72529e-09, 0, 2.98023e-08, 1, 6.51926e-09, -1, 5.96046e-08, 0.126871, -1.35113, 3.39352)
visible = false
shape = SubResource("SphereShape3D_6ctq1")

[node name="Physical Bone mixamorig_LeftArm" type="PhysicalBone3D" parent="Armature/Skeleton3D" index="4"]
transform = Transform3D(0.594215, -0.673338, -0.439683, -0.740422, -0.671366, 0.0271648, -0.313588, 0.309331, -0.897678, 18.2115, 15.8248, -125.812)
collision_layer = 2147483394
collision_mask = 2147483394
joint_type = 1
joint_offset = Transform3D(1, 0, 0, 0, 1, 0, 0, 0, 1, -0.00315506, -0.00812371, 9.24231)
body_offset = Transform3D(0.999827, -1.72257e-05, 0.000123782, 1.546e-06, -7.6443e-06, -0.999942, 8.04663e-07, 0.999901, 0.000130167, 0.00201035, 9.24178, 0.00691986)
bone_name = "mixamorig_LeftArm"
joint_constraints/bias = 0.3
joint_constraints/damping = 1.0
joint_constraints/impulse_clamp = 0.0

[node name="CollisionShape3D" type="CollisionShape3D" parent="Armature/Skeleton3D/Physical Bone mixamorig_LeftArm" index="0"]
transform = Transform3D(1, 0, 0, 1.49012e-08, 1.86265e-08, 1, 2.98023e-08, -1, -7.45058e-09, 0, 0, 0)
visible = false
shape = SubResource("CapsuleShape3D_ewws6")

[node name="Physical Bone mixamorig_LeftForeArm" type="PhysicalBone3D" parent="Armature/Skeleton3D" index="5"]
transform = Transform3D(0.497135, -0.673339, 0.547081, -0.101566, -0.671358, -0.733998, 0.861602, 0.309314, -0.402204, 14.1978, 26.4031, -111.59)
collision_layer = 2147483394
collision_mask = 2147483394
joint_type = 1
joint_offset = Transform3D(1, 0, 0, 0, 1, 0, 0, 0, 1, -0.00334807, -0.00691787, 14.754)
body_offset = Transform3D(0.999908, -2.69264e-05, -4.25428e-06, 1.36346e-05, 1.4931e-05, -0.999909, -2.07275e-05, 0.999891, 1.14441e-05, 0.00341034, 14.7527, 0.0067482)
bone_name = "mixamorig_LeftForeArm"
joint_constraints/bias = 0.3
joint_constraints/damping = 1.0
joint_constraints/impulse_clamp = 0.0

[node name="CollisionShape3D" type="CollisionShape3D" parent="Armature/Skeleton3D/Physical Bone mixamorig_LeftForeArm" index="0"]
transform = Transform3D(1, 0, 0, 0, 0, 1, 0, -1, 0, 0, 0, 0)
visible = false
shape = SubResource("CapsuleShape3D_faug3")

[node name="Physical Bone mixamorig_LeftHand" type="PhysicalBone3D" parent="Armature/Skeleton3D" index="6"]
transform = Transform3D(0.442161, 0.458399, 0.770795, 0.211143, 0.781919, -0.58624, -0.871636, 0.422059, 0.248973, 0.594444, 41.4531, -107.445)
visible = false
collision_layer = 2147483394
collision_mask = 2147483394
joint_type = 1
joint_offset = Transform3D(1, 0, 0, 0, 1, 0, 0, 0, 1, 0.000145793, -0.00490525, 7.18051)
body_offset = Transform3D(-0.250427, 0.724948, 0.64149, -2.24113e-05, 0.662551, -0.748826, -0.968051, -0.187452, -0.165953, -4.60263, 5.3802, 1.19085)
bone_name = "mixamorig_LeftHand"
joint_constraints/bias = 0.3
joint_constraints/damping = 1.0
joint_constraints/impulse_clamp = 0.0

[node name="CollisionShape3D" type="CollisionShape3D" parent="Armature/Skeleton3D/Physical Bone mixamorig_LeftHand" index="0"]
transform = Transform3D(0.872159, -0.474195, -0.120325, 0.436044, 0.641957, 0.630679, -0.221821, -0.60252, 0.766659, -4.37822, 16.1412, -7.37473)
visible = false
shape = SubResource("CapsuleShape3D_ke5ni")

[node name="Physical Bone mixamorig_RightArm" type="PhysicalBone3D" parent="Armature/Skeleton3D" index="7"]
transform = Transform3D(-0.0614171, 0.981799, 0.177972, 0.982372, 0.0280853, 0.184121, 0.175819, 0.186107, -0.966521, -20.9542, 2.05863, -124.466)
visible = false
collision_layer = 2147483394
collision_mask = 2147483394
joint_type = 1
joint_offset = Transform3D(1, 0, 0, 0, 1, 0, 0, 0, 1, 7.45949e-07, -0.00393014, 9.2427)
body_offset = Transform3D(0.99987, 9.05246e-07, 1.84923e-05, 6.3777e-06, -1.85692e-05, -0.999869, 1.07847e-05, 0.999677, 9.05106e-06, -0.000171661, 9.24149, 0.00384521)
bone_name = "mixamorig_RightArm"
joint_constraints/bias = 0.3
joint_constraints/damping = 1.0
joint_constraints/impulse_clamp = 0.0

[node name="CollisionShape3D" type="CollisionShape3D" parent="Armature/Skeleton3D/Physical Bone mixamorig_RightArm" index="0"]
transform = Transform3D(1, 0, 0, 0, 0, 1, 0, -1, 0, 0, 0, 0)
visible = false
shape = SubResource("CapsuleShape3D_byjgb")

[node name="Physical Bone mixamorig_RightForeArm" type="PhysicalBone3D" parent="Armature/Skeleton3D" index="8"]
transform = Transform3D(0.176047, 0.982062, 0.0667885, 0.213819, 0.0280815, -0.976328, -0.960785, 0.186178, -0.205044, -23.5833, 14.7689, -112.507)
visible = false
collision_layer = 2147483394
collision_mask = 2147483394
joint_type = 1
joint_offset = Transform3D(1, 0, 0, 0, 1, 0, 0, 0, 1, 0.0124618, -0.00532286, 14.7613)
body_offset = Transform3D(0.99991, 1.5446e-06, 7.10785e-06, 3.11434e-06, -7.62939e-06, -0.999861, 1.46325e-05, 0.999949, -8.20868e-06, -0.0125656, 14.7592, 0.00544357)
bone_name = "mixamorig_RightForeArm"
joint_constraints/bias = 0.3
joint_constraints/damping = 1.0
joint_constraints/impulse_clamp = 0.0

[node name="CollisionShape3D" type="CollisionShape3D" parent="Armature/Skeleton3D/Physical Bone mixamorig_RightForeArm" index="0"]
transform = Transform3D(1, 0, 0, 0, 0, 1, 0, -1, 0, 0, 0, 0)
visible = false
shape = SubResource("CapsuleShape3D_cdmwo")

[node name="Physical Bone mixamorig_RightHand" type="PhysicalBone3D" parent="Armature/Skeleton3D" index="9"]
transform = Transform3D(0.645528, -0.551068, -0.528275, -0.105221, 0.62096, -0.775588, 0.756331, 0.556863, 0.343016, -20.7732, 34.7509, -111.956)
visible = false
collision_layer = 2147483394
collision_mask = 2147483394
joint_type = 1
joint_offset = Transform3D(1, 0, 0, 0, 1, 0, 0, 0, 1, -0.00429189, -0.00318734, 7.18864)
body_offset = Transform3D(-0.250391, -0.724929, -0.641292, 4.93228e-06, 0.662363, -0.748006, 0.968049, -0.187401, -0.165842, 4.60664, 5.37926, 1.19574)
bone_name = "mixamorig_RightHand"
joint_constraints/bias = 0.3
joint_constraints/damping = 1.0
joint_constraints/impulse_clamp = 0.0

[node name="CollisionShape3D" type="CollisionShape3D" parent="Armature/Skeleton3D/Physical Bone mixamorig_RightHand" index="0"]
transform = Transform3D(0.993259, 0.109785, -0.0371973, -0.0660429, 0.799704, 0.596751, 0.0952613, -0.590272, 0.801564, 0.065979, 16.245, -11.4656)
visible = false
shape = SubResource("CapsuleShape3D_yr85y")

[node name="Physical Bone mixamorig_LeftUpLeg" type="PhysicalBone3D" parent="Armature/Skeleton3D" index="10"]
transform = Transform3D(-0.970074, -0.154753, -0.186798, 0.0279585, 0.693535, -0.719519, 0.240914, -0.703458, -0.668462, 14.4989, 12.49, -74.1677)
visible = false
collision_layer = 2147483394
collision_mask = 2147483394
joint_type = 1
joint_offset = Transform3D(1, 0, 0, 0, 1, 0, 0, 0, 1, -0.00124445, 0.00158977, 16.2768)
body_offset = Transform3D(0.999933, 1.22897e-05, -9.32813e-06, -5.81983e-05, 2.76268e-05, -0.999722, 2.65352e-05, 0.999897, 0.000159204, 0.00139618, 16.2723, -0.00418091)
bone_name = "mixamorig_LeftUpLeg"
joint_constraints/bias = 0.3
joint_constraints/damping = 1.0
joint_constraints/impulse_clamp = 0.0

[node name="CollisionShape3D" type="CollisionShape3D" parent="Armature/Skeleton3D/Physical Bone mixamorig_LeftUpLeg" index="0"]
transform = Transform3D(1, -3.72529e-09, -4.65661e-09, -6.14673e-08, 0, 1, 1.30385e-08, -1, 5.96046e-08, -0.0447121, 0.0371933, 0.154665)
shape = SubResource("CapsuleShape3D_y1lv7")

[node name="Physical Bone mixamorig_LeftLeg" type="PhysicalBone3D" parent="Armature/Skeleton3D" index="11"]
transform = Transform3D(-0.946179, 0.219113, -0.238029, 0.172378, 0.963917, 0.20213, 0.273756, 0.150207, -0.949891, 23.3272, 19.2784, -40.1889)
visible = false
collision_layer = 2147483394
collision_mask = 2147483394
joint_type = 1
joint_offset = Transform3D(1, 0, 0, 0, 1, 0, 0, 0, 1, -0.00132917, 0.0024801, 24.3298)
body_offset = Transform3D(0.999956, -2.81036e-05, -4.08664e-06, -2.63192e-05, -3.53158e-06, -0.999904, -1.39624e-05, 0.999855, -3.14415e-06, 0.0014286, 24.3275, -0.00240326)
bone_name = "mixamorig_LeftLeg"
joint_constraints/bias = 0.3
joint_constraints/damping = 1.0
joint_constraints/impulse_clamp = 0.0

[node name="CollisionShape3D" type="CollisionShape3D" parent="Armature/Skeleton3D/Physical Bone mixamorig_LeftLeg" index="0"]
transform = Transform3D(1, 1.95578e-08, 7.45058e-09, -3.72529e-09, 1.49012e-08, 1, -7.45058e-09, -1, -1.49012e-08, 0, 0, 0)
visible = false
shape = SubResource("CapsuleShape3D_5rjaj")

[node name="Physical Bone mixamorig_LeftFoot" type="PhysicalBone3D" parent="Armature/Skeleton3D" index="12"]
transform = Transform3D(-0.917462, 0.175678, -0.338314, 0.372177, 0.555349, -0.741083, 0.0584282, -0.812556, -0.579703, 34.0223, 25.0467, -8.67929)
visible = false
collision_layer = 2147483394
collision_mask = 2147483394
joint_type = 1
joint_offset = Transform3D(1, 0, 0, 0, 1, 0, 0, 0, 1, 0.0221026, 0.0353624, 14.4526)
body_offset = Transform3D(0.991797, -1.14292e-05, 1.12355e-05, -0.000694215, 3.8445e-05, -0.999858, -0.00195524, 0.999762, 8.53837e-05, -0.0220833, 14.4506, -0.0365448)
bone_name = "mixamorig_LeftFoot"
joint_constraints/bias = 0.3
joint_constraints/damping = 1.0
joint_constraints/impulse_clamp = 0.0

[node name="CollisionShape3D" type="CollisionShape3D" parent="Armature/Skeleton3D/Physical Bone mixamorig_LeftFoot" index="0"]
transform = Transform3D(0.969015, 0.15056, -0.195803, 0.0452892, 0.670989, 0.740081, 0.242808, -0.726019, 0.643382, -0.797358, -2.29943, 2.26907)
visible = false
shape = SubResource("CapsuleShape3D_1fdsd")

[node name="Physical Bone mixamorig_RightUpLeg" type="PhysicalBone3D" parent="Armature/Skeleton3D" index="13"]
transform = Transform3D(-0.787986, -0.321595, 0.524952, -0.563517, 0.719742, -0.405023, -0.24754, -0.614756, -0.748442, -18.7913, 0.282871, -74.1522)
visible = false
collision_layer = 2147483394
collision_mask = 2147483394
joint_type = 1
joint_offset = Transform3D(1, 0, 0, 0, 1, 0, 0, 0, 1, 0.00192406, -0.129259, 16.4896)
body_offset = Transform3D(0.999875, -2.19047e-05, -5.33462e-06, 0.000143692, 0.000197262, -0.999892, 2.39611e-05, 0.99969, -2.82526e-05, -0.00183868, 16.4878, 0.129684)
bone_name = "mixamorig_RightUpLeg"
joint_constraints/bias = 0.3
joint_constraints/damping = 1.0
joint_constraints/impulse_clamp = 0.0

[node name="CollisionShape3D" type="CollisionShape3D" parent="Armature/Skeleton3D/Physical Bone mixamorig_RightUpLeg" index="0"]
transform = Transform3D(1, 0, 0, 0, 0, 1, 0, -1, 0, 0, 0, 0)
visible = false
shape = SubResource("CapsuleShape3D_5macp")

[node name="Physical Bone mixamorig_RightLeg" type="PhysicalBone3D" parent="Armature/Skeleton3D" index="14"]
transform = Transform3D(-0.673306, -0.737282, 0.017663, -0.678792, 0.622516, 0.381263, -0.292844, 0.242026, -0.924229, -27.6034, -2.58598, -39.571)
visible = false
collision_layer = 2147483394
collision_mask = 2147483394
joint_type = 1
joint_offset = Transform3D(1, 0, 0, 0, 1, 0, 0, 0, 1, 0.00379544, -0.00140117, 24.3331)
body_offset = Transform3D(0.999928, 0.0029318, 5.45084e-05, 9.02414e-05, -0.000687718, -0.999937, 5.03063e-05, 0.994826, -5.60284e-05, -0.00511742, 24.3316, 0.00275707)
bone_name = "mixamorig_RightLeg"
joint_constraints/bias = 0.3
joint_constraints/damping = 1.0
joint_constraints/impulse_clamp = 0.0

[node name="CollisionShape3D" type="CollisionShape3D" parent="Armature/Skeleton3D/Physical Bone mixamorig_RightLeg" index="0"]
transform = Transform3D(1, 0, 0, 0, 0, 1, 0, -1, 0, 0, 0, 0)
visible = false
shape = SubResource("CapsuleShape3D_ly8fl")

[node name="Physical Bone mixamorig_RightFoot" type="PhysicalBone3D" parent="Armature/Skeleton3D" index="15"]
transform = Transform3D(-0.525577, -0.457531, 0.716725, -0.842408, 0.383782, -0.374481, -0.103093, -0.802005, -0.588063, -38.4254, -6.43192, -8.56335)
visible = false
collision_layer = 2147483394
collision_mask = 2147483394
joint_type = 1
joint_offset = Transform3D(1, 0, 0, 0, 1, 0, 0, 0, 1, 0.00376895, 0.00621328, 14.5049)
body_offset = Transform3D(0.998254, 1.85668e-05, -1.54674e-05, 0.000588059, -2.26498e-06, -0.999875, -0.000171572, 0.999919, -1.5378e-05, -0.00353813, 14.5031, -0.00598907)
bone_name = "mixamorig_RightFoot"
joint_constraints/bias = 0.3
joint_constraints/damping = 1.0
joint_constraints/impulse_clamp = 0.0

[node name="CollisionShape3D" type="CollisionShape3D" parent="Armature/Skeleton3D/Physical Bone mixamorig_RightFoot" index="0"]
transform = Transform3D(0.977853, 0.00801983, -0.209139, 0.169265, 0.557417, 0.812795, 0.123096, -0.830194, 0.543714, -0.031723, 2.55421, -3.64571)
visible = false
shape = SubResource("CapsuleShape3D_dm4ht")

[node name="CollisionShape3D" type="CollisionShape3D" parent="." index="2"]
transform = Transform3D(1, 0, 0, 0, 0.99999, 0.00446805, 0, -0.00446805, 0.99999, 0, 0.89013, 0.153667)
visible = false
shape = SubResource("CapsuleShape3D_dvco3")

[node name="NavigationAgent3D" type="NavigationAgent3D" parent="." index="3"]
